no,income
29306,0
29307,0
29308,1
29309,1
29310,1
29311,0
29312,0
29313,0
29314,1
29315,0
29316,0
29317,0
29318,0
29319,0
29320,0
29321,0
29322,0
29323,0
29324,0
29325,0
29326,0
29327,0
29328,0
29329,0
29330,0
29331,1
29332,0
29333,0
29334,0
29335,1
29336,0
29337,0
29338,1
29339,0
29340,0
29341,0
29342,0
29343,0
29344,0
29345,0
29346,0
29347,0
29348,0
29349,0
29350,0
29351,0
29352,0
29353,0
29354,1
29355,0
29356,1
29357,0
29358,0
29359,0
29360,0
29361,1
29362,0
29363,0
29364,0
29365,1
29366,1
29367,0
29368,1
29369,0
29370,1
29371,0
29372,0
29373,0
29374,0
29375,1
29376,0
29377,0
29378,0
29379,0
29380,1
29381,0
29382,0
29383,0
29384,0
29385,0
29386,0
29387,0
29388,0
29389,0
29390,1
29391,1
29392,0
29393,0
29394,1
29395,0
29396,0
29397,0
29398,0
29399,0
29400,0
29401,0
29402,0
29403,0
29404,0
29405,1
29406,0
29407,0
29408,0
29409,0
29410,0
29411,0
29412,1
29413,0
29414,0
29415,0
29416,1
29417,0
29418,0
29419,0
29420,0
29421,0
29422,0
29423,0
29424,0
29425,0
29426,0
29427,0
29428,0
29429,0
29430,1
29431,0
29432,0
29433,0
29434,0
29435,0
29436,1
29437,0
29438,0
29439,0
29440,0
29441,0
29442,0
29443,0
29444,1
29445,0
29446,0
29447,0
29448,0
29449,0
29450,0
29451,0
29452,0
29453,0
29454,0
29455,0
29456,0
29457,0
29458,0
29459,0
29460,1
29461,0
29462,0
29463,0
29464,0
29465,0
29466,0
29467,1
29468,0
29469,0
29470,0
29471,0
29472,0
29473,0
29474,0
29475,0
29476,1
29477,0
29478,1
29479,0
29480,0
29481,0
29482,0
29483,1
29484,0
29485,0
29486,1
29487,1
29488,0
29489,1
29490,0
29491,0
29492,0
29493,0
29494,1
29495,0
29496,0
29497,0
29498,0
29499,1
29500,1
29501,1
29502,0
29503,0
29504,1
29505,0
29506,0
29507,0
29508,0
29509,0
29510,0
29511,0
29512,0
29513,0
29514,0
29515,0
29516,0
29517,0
29518,0
29519,0
29520,0
29521,1
29522,0
29523,0
29524,0
29525,0
29526,0
29527,1
29528,1
29529,0
29530,0
29531,0
29532,0
29533,0
29534,1
29535,1
29536,1
29537,0
29538,0
29539,0
29540,0
29541,0
29542,0
29543,1
29544,1
29545,1
29546,0
29547,0
29548,0
29549,0
29550,0
29551,0
29552,0
29553,0
29554,0
29555,0
29556,0
29557,1
29558,0
29559,0
29560,0
29561,0
29562,0
29563,0
29564,0
29565,0
29566,1
29567,1
29568,0
29569,0
29570,1
29571,0
29572,0
29573,1
29574,0
29575,0
29576,0
29577,0
29578,0
29579,0
29580,1
29581,0
29582,0
29583,0
29584,0
29585,0
29586,0
29587,0
29588,0
29589,0
29590,0
29591,0
29592,0
29593,0
29594,0
29595,1
29596,1
29597,0
29598,0
29599,1
29600,0
29601,0
29602,0
29603,0
29604,0
29605,0
29606,0
29607,0
29608,0
29609,0
29610,0
29611,0
29612,0
29613,0
29614,0
29615,0
29616,0
29617,1
29618,0
29619,0
29620,0
29621,0
29622,0
29623,0
29624,0
29625,0
29626,1
29627,0
29628,0
29629,0
29630,0
29631,0
29632,0
29633,0
29634,1
29635,1
29636,1
29637,0
29638,0
29639,0
29640,0
29641,0
29642,0
29643,0
29644,0
29645,0
29646,0
29647,0
29648,0
29649,0
29650,0
29651,0
29652,1
29653,0
29654,0
29655,1
29656,0
29657,0
29658,0
29659,0
29660,0
29661,0
29662,0
29663,0
29664,0
29665,1
29666,1
29667,0
29668,0
29669,1
29670,0
29671,0
29672,0
29673,0
29674,0
29675,1
29676,0
29677,0
29678,0
29679,0
29680,0
29681,1
29682,0
29683,0
29684,0
29685,0
29686,0
29687,0
29688,1
29689,0
29690,0
29691,0
29692,0
29693,1
29694,0
29695,0
29696,1
29697,0
29698,0
29699,0
29700,0
29701,0
29702,0
29703,0
29704,0
29705,0
29706,0
29707,0
29708,0
29709,1
29710,1
29711,0
29712,0
29713,0
29714,0
29715,0
29716,0
29717,0
29718,0
29719,0
29720,0
29721,1
29722,0
29723,0
29724,0
29725,0
29726,0
29727,0
29728,1
29729,0
29730,0
29731,0
29732,0
29733,1
29734,1
29735,1
29736,1
29737,0
29738,0
29739,1
29740,0
29741,0
29742,0
29743,1
29744,1
29745,0
29746,0
29747,0
29748,0
29749,0
29750,0
29751,0
29752,0
29753,0
29754,1
29755,0
29756,0
29757,0
29758,0
29759,1
29760,1
29761,0
29762,0
29763,0
29764,0
29765,0
29766,1
29767,0
29768,0
29769,0
29770,0
29771,0
29772,1
29773,0
29774,0
29775,0
29776,1
29777,0
29778,0
29779,0
29780,0
29781,0
29782,0
29783,1
29784,0
29785,0
29786,1
29787,1
29788,0
29789,0
29790,0
29791,0
29792,0
29793,0
29794,0
29795,1
29796,0
29797,0
29798,1
29799,0
29800,0
29801,0
29802,0
29803,0
29804,0
29805,0
29806,1
29807,0
29808,0
29809,0
29810,0
29811,1
29812,0
29813,1
29814,0
29815,0
29816,0
29817,0
29818,0
29819,0
29820,0
29821,0
29822,0
29823,1
29824,0
29825,0
29826,1
29827,0
29828,0
29829,0
29830,1
29831,0
29832,0
29833,0
29834,0
29835,0
29836,1
29837,0
29838,1
29839,0
29840,0
29841,0
29842,0
29843,1
29844,0
29845,0
29846,1
29847,1
29848,0
29849,0
29850,0
29851,0
29852,0
29853,0
29854,0
29855,1
29856,0
29857,1
29858,0
29859,0
29860,0
29861,0
29862,0
29863,0
29864,0
29865,0
29866,0
29867,0
29868,0
29869,1
29870,1
29871,0
29872,0
29873,1
29874,1
29875,1
29876,1
29877,0
29878,0
29879,0
29880,0
29881,1
29882,0
29883,0
29884,0
29885,0
29886,1
29887,0
29888,0
29889,1
29890,0
29891,0
29892,1
29893,0
29894,0
29895,1
29896,0
29897,1
29898,1
29899,1
29900,1
29901,0
29902,0
29903,0
29904,0
29905,1
29906,0
29907,0
29908,0
29909,0
29910,0
29911,0
29912,0
29913,0
29914,0
29915,0
29916,1
29917,0
29918,1
29919,0
29920,1
29921,1
29922,1
29923,0
29924,0
29925,0
29926,0
29927,0
29928,1
29929,0
29930,0
29931,0
29932,0
29933,0
29934,0
29935,0
29936,1
29937,0
29938,1
29939,1
29940,0
29941,0
29942,1
29943,0
29944,0
29945,0
29946,0
29947,0
29948,0
29949,0
29950,0
29951,1
29952,0
29953,0
29954,1
29955,1
29956,0
29957,0
29958,0
29959,0
29960,0
29961,0
29962,0
29963,0
29964,0
29965,0
29966,0
29967,0
29968,0
29969,0
29970,0
29971,0
29972,0
29973,0
29974,0
29975,0
29976,1
29977,0
29978,0
29979,0
29980,1
29981,0
29982,0
29983,0
29984,0
29985,0
29986,0
29987,0
29988,1
29989,0
29990,0
29991,1
29992,0
29993,0
29994,0
29995,1
29996,1
29997,0
29998,0
29999,0
30000,0
30001,0
30002,1
30003,0
30004,0
30005,0
30006,0
30007,0
30008,0
30009,0
30010,0
30011,0
30012,0
30013,0
30014,0
30015,0
30016,1
30017,0
30018,0
30019,0
30020,0
30021,0
30022,1
30023,0
30024,0
30025,0
30026,0
30027,1
30028,0
30029,0
30030,0
30031,0
30032,0
30033,0
30034,0
30035,0
30036,1
30037,1
30038,0
30039,0
30040,0
30041,0
30042,0
30043,0
30044,0
30045,1
30046,1
30047,0
30048,0
30049,0
30050,0
30051,0
30052,0
30053,0
30054,0
30055,1
30056,0
30057,1
30058,0
30059,1
30060,1
30061,0
30062,0
30063,0
30064,0
30065,0
30066,0
30067,0
30068,0
30069,1
30070,1
30071,0
30072,1
30073,0
30074,0
30075,0
30076,0
30077,0
30078,0
30079,0
30080,1
30081,0
30082,1
30083,0
30084,1
30085,1
30086,0
30087,0
30088,0
30089,1
30090,0
30091,0
30092,0
30093,0
30094,0
30095,0
30096,0
30097,0
30098,0
30099,0
30100,0
30101,0
30102,1
30103,0
30104,0
30105,0
30106,0
30107,0
30108,0
30109,0
30110,0
30111,0
30112,0
30113,0
30114,0
30115,0
30116,0
30117,1
30118,0
30119,0
30120,0
30121,0
30122,1
30123,1
30124,0
30125,0
30126,0
30127,0
30128,1
30129,0
30130,0
30131,0
30132,1
30133,0
30134,0
30135,0
30136,0
30137,0
30138,1
30139,0
30140,0
30141,0
30142,0
30143,0
30144,0
30145,0
30146,0
30147,0
30148,0
30149,1
30150,1
30151,0
30152,0
30153,0
30154,0
30155,0
30156,0
30157,0
30158,1
30159,0
30160,0
30161,0
30162,0
30163,0
30164,0
30165,1
30166,0
30167,0
30168,0
30169,0
30170,0
30171,0
30172,0
30173,0
30174,0
30175,1
30176,0
30177,1
30178,0
30179,1
30180,0
30181,1
30182,0
30183,0
30184,0
30185,0
30186,1
30187,0
30188,0
30189,0
30190,0
30191,0
30192,0
30193,0
30194,0
30195,0
30196,0
30197,0
30198,0
30199,0
30200,0
30201,0
30202,0
30203,0
30204,0
30205,1
30206,1
30207,1
30208,1
30209,0
30210,0
30211,1
30212,0
30213,0
30214,1
30215,0
30216,0
30217,0
30218,1
30219,0
30220,0
30221,0
30222,0
30223,0
30224,0
30225,0
30226,0
30227,0
30228,0
30229,0
30230,0
30231,0
30232,0
30233,0
30234,0
30235,0
30236,0
30237,0
30238,1
30239,0
30240,0
30241,0
30242,0
30243,0
30244,0
30245,0
30246,0
30247,1
30248,0
30249,0
30250,0
30251,0
30252,0
30253,1
30254,1
30255,1
30256,1
30257,0
30258,1
30259,0
30260,0
30261,0
30262,0
30263,1
30264,0
30265,0
30266,0
30267,0
30268,1
30269,0
30270,0
30271,1
30272,1
30273,1
30274,1
30275,1
30276,0
30277,0
30278,0
30279,0
30280,0
30281,0
30282,0
30283,0
30284,1
30285,0
30286,0
30287,0
30288,0
30289,1
30290,0
30291,0
30292,0
30293,0
30294,0
30295,0
30296,0
30297,0
30298,0
30299,0
30300,1
30301,0
30302,0
30303,0
30304,0
30305,0
30306,0
30307,1
30308,0
30309,1
30310,1
30311,0
30312,0
30313,0
30314,1
30315,0
30316,0
30317,0
30318,1
30319,0
30320,0
30321,0
30322,0
30323,0
30324,0
30325,0
30326,0
30327,0
30328,0
30329,0
30330,0
30331,0
30332,1
30333,0
30334,0
30335,0
30336,1
30337,1
30338,0
30339,1
30340,0
30341,1
30342,0
30343,1
30344,0
30345,0
30346,0
30347,1
30348,1
30349,1
30350,1
30351,0
30352,0
30353,0
30354,1
30355,0
30356,0
30357,0
30358,0
30359,0
30360,0
30361,0
30362,0
30363,0
30364,0
30365,0
30366,0
30367,1
30368,1
30369,1
30370,0
30371,0
30372,1
30373,1
30374,0
30375,0
30376,0
30377,1
30378,0
30379,0
30380,0
30381,0
30382,0
30383,0
30384,0
30385,1
30386,0
30387,0
30388,0
30389,0
30390,0
30391,0
30392,0
30393,0
30394,1
30395,1
30396,0
30397,0
30398,0
30399,0
30400,1
30401,0
30402,0
30403,0
30404,1
30405,0
30406,0
30407,0
30408,0
30409,0
30410,1
30411,0
30412,1
30413,0
30414,0
30415,0
30416,0
30417,0
30418,0
30419,0
30420,0
30421,0
30422,0
30423,0
30424,1
30425,1
30426,0
30427,0
30428,0
30429,1
30430,0
30431,0
30432,0
30433,0
30434,0
30435,0
30436,0
30437,0
30438,0
30439,1
30440,0
30441,0
30442,0
30443,1
30444,1
30445,0
30446,0
30447,1
30448,0
30449,0
30450,0
30451,0
30452,0
30453,0
30454,0
30455,0
30456,0
30457,0
30458,0
30459,0
30460,1
30461,0
30462,0
30463,1
30464,0
30465,1
30466,0
30467,0
30468,0
30469,0
30470,0
30471,0
30472,1
30473,0
30474,0
30475,0
30476,1
30477,1
30478,0
30479,0
30480,0
30481,1
30482,0
30483,0
30484,1
30485,0
30486,1
30487,0
30488,0
30489,1
30490,0
30491,0
30492,0
30493,1
30494,0
30495,0
30496,0
30497,0
30498,0
30499,0
30500,1
30501,0
30502,0
30503,1
30504,0
30505,0
30506,0
30507,0
30508,0
30509,0
30510,0
30511,0
30512,0
30513,0
30514,0
30515,0
30516,0
30517,0
30518,0
30519,0
30520,0
30521,0
30522,0
30523,0
30524,1
30525,0
30526,0
30527,0
30528,0
30529,0
30530,0
30531,1
30532,0
30533,0
30534,0
30535,1
30536,0
30537,0
30538,0
30539,0
30540,0
30541,1
30542,0
30543,0
30544,0
30545,0
30546,0
30547,0
30548,0
30549,0
30550,0
30551,0
30552,0
30553,0
30554,0
30555,0
30556,0
30557,0
30558,0
30559,0
30560,1
30561,0
30562,0
30563,0
30564,0
30565,0
30566,1
30567,0
30568,0
30569,0
30570,0
30571,1
30572,0
30573,0
30574,1
30575,0
30576,0
30577,1
30578,0
30579,0
30580,0
30581,1
30582,0
30583,0
30584,0
30585,1
30586,0
30587,0
30588,0
30589,1
30590,0
30591,0
30592,0
30593,0
30594,0
30595,1
30596,1
30597,0
30598,1
30599,0
30600,0
30601,0
30602,0
30603,0
30604,0
30605,1
30606,0
30607,0
30608,0
30609,0
30610,0
30611,0
30612,0
30613,1
30614,1
30615,0
30616,0
30617,1
30618,0
30619,0
30620,1
30621,0
30622,0
30623,0
30624,0
30625,0
30626,0
30627,0
30628,0
30629,1
30630,1
30631,0
30632,0
30633,0
30634,1
30635,0
30636,0
30637,0
30638,0
30639,0
30640,1
30641,1
30642,1
30643,0
30644,0
30645,1
30646,0
30647,0
30648,1
30649,1
30650,1
30651,0
30652,1
30653,0
30654,0
30655,0
30656,0
30657,0
30658,1
30659,0
30660,0
30661,0
30662,0
30663,1
30664,0
30665,1
30666,0
30667,0
30668,1
30669,1
30670,0
30671,0
30672,0
30673,0
30674,0
30675,1
30676,0
30677,0
30678,0
30679,0
30680,0
30681,0
30682,0
30683,0
30684,0
30685,1
30686,0
30687,0
30688,0
30689,0
30690,0
30691,0
30692,0
30693,0
30694,0
30695,0
30696,0
30697,0
30698,0
30699,0
30700,1
30701,0
30702,0
30703,0
30704,1
30705,0
30706,0
30707,0
30708,1
30709,0
30710,0
30711,0
30712,0
30713,0
30714,0
30715,0
30716,1
30717,0
30718,0
30719,0
30720,0
30721,1
30722,0
30723,0
30724,0
30725,0
30726,0
30727,0
30728,0
30729,0
30730,0
30731,0
30732,1
30733,0
30734,0
30735,0
30736,0
30737,0
30738,0
30739,1
30740,0
30741,0
30742,0
30743,0
30744,0
30745,1
30746,0
30747,0
30748,0
30749,0
30750,0
30751,0
30752,0
30753,1
30754,1
30755,0
30756,0
30757,0
30758,1
30759,0
30760,0
30761,0
30762,0
30763,0
30764,0
30765,1
30766,0
30767,0
30768,1
30769,1
30770,0
30771,0
30772,0
30773,0
30774,0
30775,0
30776,1
30777,0
30778,0
30779,0
30780,0
30781,1
30782,0
30783,1
30784,1
30785,0
30786,1
30787,0
30788,0
30789,0
30790,1
30791,0
30792,0
30793,1
30794,0
30795,0
30796,0
30797,0
30798,0
30799,0
30800,0
30801,0
30802,0
30803,0
30804,1
30805,0
30806,0
30807,1
30808,0
30809,1
30810,0
30811,0
30812,0
30813,0
30814,0
30815,1
30816,0
30817,0
30818,0
30819,1
30820,0
30821,1
30822,1
30823,0
30824,1
30825,0
30826,0
30827,0
30828,0
30829,0
30830,1
30831,0
30832,0
30833,0
30834,1
30835,0
30836,0
30837,0
30838,0
30839,0
30840,1
30841,0
30842,0
30843,0
30844,1
30845,0
30846,0
30847,0
30848,0
30849,0
30850,0
30851,0
30852,0
30853,0
30854,1
30855,0
30856,0
30857,0
30858,0
30859,0
30860,0
30861,0
30862,0
30863,1
30864,0
30865,0
30866,0
30867,0
30868,0
30869,0
30870,0
30871,0
30872,0
30873,0
30874,1
30875,0
30876,0
30877,0
30878,0
30879,0
30880,0
30881,0
30882,0
30883,0
30884,0
30885,0
30886,0
30887,1
30888,0
30889,1
30890,1
30891,0
30892,0
30893,0
30894,0
30895,0
30896,0
30897,0
30898,1
30899,0
30900,0
30901,0
30902,0
30903,0
30904,0
30905,0
30906,0
30907,0
30908,0
30909,1
30910,0
30911,0
30912,1
30913,0
30914,0
30915,0
30916,1
30917,0
30918,0
30919,0
30920,0
30921,0
30922,0
30923,0
30924,0
30925,0
30926,0
30927,0
30928,0
30929,0
30930,0
30931,0
30932,1
30933,1
30934,1
30935,0
30936,1
30937,0
30938,0
30939,0
30940,0
30941,0
30942,0
30943,0
30944,0
30945,0
30946,0
30947,0
30948,0
30949,0
30950,0
30951,0
30952,1
30953,0
30954,1
30955,1
30956,0
30957,0
30958,0
30959,0
30960,1
30961,0
30962,0
30963,0
30964,0
30965,0
30966,0
30967,1
30968,0
30969,0
30970,0
30971,1
30972,0
30973,0
30974,1
30975,0
30976,0
30977,0
30978,0
30979,0
30980,1
30981,0
30982,0
30983,0
30984,0
30985,1
30986,1
30987,0
30988,0
30989,0
30990,0
30991,0
30992,1
30993,0
30994,0
30995,0
30996,0
30997,0
30998,0
30999,0
31000,0
31001,0
31002,0
31003,1
31004,1
31005,0
31006,0
31007,1
31008,0
31009,0
31010,0
31011,0
31012,0
31013,0
31014,0
31015,0
31016,1
31017,0
31018,0
31019,0
31020,0
31021,0
31022,1
31023,0
31024,0
31025,0
31026,0
31027,0
31028,0
31029,0
31030,1
31031,0
31032,0
31033,0
31034,0
31035,0
31036,0
31037,0
31038,0
31039,0
31040,0
31041,0
31042,0
31043,0
31044,1
31045,0
31046,0
31047,0
31048,0
31049,0
31050,0
31051,0
31052,0
31053,0
31054,1
31055,0
31056,0
31057,1
31058,0
31059,0
31060,0
31061,0
31062,0
31063,0
31064,0
31065,0
31066,0
31067,0
31068,0
31069,0
31070,1
31071,0
31072,0
31073,0
31074,1
31075,0
31076,0
31077,0
31078,0
31079,0
31080,1
31081,1
31082,1
31083,1
31084,0
31085,0
31086,0
31087,1
31088,0
31089,0
31090,0
31091,0
31092,0
31093,0
31094,0
31095,0
31096,0
31097,1
31098,1
31099,0
31100,1
31101,0
31102,0
31103,0
31104,0
31105,0
31106,0
31107,0
31108,1
31109,0
31110,0
31111,0
31112,0
31113,0
31114,0
31115,0
31116,1
31117,0
31118,0
31119,1
31120,0
31121,0
31122,0
31123,0
31124,0
31125,0
31126,0
31127,0
31128,0
31129,0
31130,0
31131,1
31132,0
31133,0
31134,1
31135,0
31136,1
31137,0
31138,0
31139,0
31140,0
31141,0
31142,0
31143,0
31144,0
31145,0
31146,0
31147,0
31148,0
31149,0
31150,0
31151,0
31152,0
31153,0
31154,0
31155,1
31156,0
31157,0
31158,0
31159,0
31160,0
31161,0
31162,0
31163,0
31164,1
31165,1
31166,0
31167,0
31168,1
31169,0
31170,0
31171,0
31172,0
31173,1
31174,1
31175,0
31176,0
31177,0
31178,0
31179,0
31180,0
31181,1
31182,0
31183,0
31184,0
31185,0
31186,0
31187,0
31188,0
31189,1
31190,1
31191,0
31192,1
31193,0
31194,0
31195,1
31196,1
31197,1
31198,1
31199,1
31200,0
31201,0
31202,0
31203,0
31204,0
31205,0
31206,0
31207,0
31208,0
31209,0
31210,0
31211,0
31212,0
31213,0
31214,1
31215,1
31216,0
31217,0
31218,1
31219,0
31220,0
31221,0
31222,1
31223,0
31224,0
31225,1
31226,0
31227,0
31228,1
31229,0
31230,0
31231,0
31232,1
31233,1
31234,0
31235,0
31236,0
31237,1
31238,0
31239,1
31240,0
31241,0
31242,0
31243,1
31244,1
31245,0
31246,0
31247,0
31248,0
31249,0
31250,0
31251,0
31252,0
31253,1
31254,0
31255,1
31256,0
31257,0
31258,0
31259,0
31260,0
31261,0
31262,0
31263,0
31264,0
31265,0
31266,0
31267,0
31268,0
31269,0
31270,0
31271,0
31272,0
31273,0
31274,0
31275,1
31276,0
31277,0
31278,1
31279,0
31280,1
31281,0
31282,1
31283,0
31284,0
31285,0
31286,0
31287,0
31288,0
31289,0
31290,0
31291,0
31292,1
31293,1
31294,1
31295,0
31296,0
31297,0
31298,0
31299,0
31300,0
31301,0
31302,1
31303,0
31304,0
31305,1
31306,0
31307,0
31308,0
31309,0
31310,0
31311,1
31312,0
31313,0
31314,1
31315,0
31316,1
31317,0
31318,0
31319,0
31320,0
31321,0
31322,0
31323,0
31324,0
31325,0
31326,0
31327,0
31328,0
31329,1
31330,0
31331,1
31332,0
31333,0
31334,0
31335,1
31336,0
31337,0
31338,0
31339,0
31340,0
31341,0
31342,0
31343,0
31344,1
31345,0
31346,0
31347,0
31348,0
31349,0
31350,0
31351,0
31352,1
31353,0
31354,0
31355,0
31356,0
31357,0
31358,0
31359,0
31360,0
31361,0
31362,0
31363,0
31364,0
31365,0
31366,0
31367,0
31368,0
31369,0
31370,0
31371,1
31372,0
31373,0
31374,0
31375,1
31376,0
31377,1
31378,0
31379,0
31380,1
31381,1
31382,0
31383,0
31384,0
31385,0
31386,0
31387,0
31388,0
31389,0
31390,0
31391,0
31392,0
31393,0
31394,0
31395,0
31396,1
31397,1
31398,0
31399,1
31400,0
31401,0
31402,0
31403,0
31404,0
31405,0
31406,0
31407,0
31408,0
31409,0
31410,0
31411,0
31412,0
31413,0
31414,0
31415,1
31416,0
31417,0
31418,0
31419,0
31420,1
31421,0
31422,0
31423,0
31424,0
31425,0
31426,0
31427,0
31428,0
31429,1
31430,0
31431,0
31432,0
31433,0
31434,0
31435,0
31436,0
31437,0
31438,0
31439,0
31440,0
31441,0
31442,0
31443,0
31444,0
31445,0
31446,0
31447,0
31448,0
31449,0
31450,0
31451,0
31452,0
31453,1
31454,0
31455,0
31456,1
31457,0
31458,0
31459,1
31460,0
31461,1
31462,0
31463,0
31464,0
31465,0
31466,0
31467,0
31468,0
31469,0
31470,0
31471,0
31472,0
31473,0
31474,0
31475,0
31476,1
31477,0
31478,0
31479,0
31480,0
31481,0
31482,0
31483,0
31484,0
31485,0
31486,0
31487,0
31488,0
31489,1
31490,0
31491,0
31492,0
31493,1
31494,0
31495,1
31496,0
31497,0
31498,0
31499,0
31500,0
31501,0
31502,0
31503,0
31504,0
31505,0
31506,0
31507,0
31508,1
31509,0
31510,0
31511,0
31512,0
31513,0
31514,0
31515,1
31516,0
31517,0
31518,0
31519,1
31520,0
31521,1
31522,1
31523,0
31524,1
31525,1
31526,0
31527,0
31528,0
31529,0
31530,0
31531,0
31532,0
31533,0
31534,0
31535,0
31536,0
31537,0
31538,0
31539,0
31540,0
31541,0
31542,0
31543,0
31544,0
31545,1
31546,0
31547,0
31548,0
31549,0
31550,0
31551,1
31552,0
31553,0
31554,0
31555,0
31556,0
31557,0
31558,0
31559,0
31560,0
31561,0
31562,1
31563,0
31564,0
31565,0
31566,0
31567,0
31568,1
31569,0
31570,0
31571,0
31572,0
31573,0
31574,0
31575,0
31576,0
31577,0
31578,0
31579,0
31580,0
31581,0
31582,0
31583,0
31584,0
31585,0
31586,1
31587,1
31588,0
31589,1
31590,0
31591,1
31592,0
31593,0
31594,1
31595,0
31596,0
31597,0
31598,0
31599,1
31600,0
31601,0
31602,0
31603,1
31604,0
31605,1
31606,0
31607,0
31608,0
31609,0
31610,0
31611,1
31612,0
31613,0
31614,1
31615,0
31616,1
31617,0
31618,0
31619,0
31620,0
31621,0
31622,1
31623,0
31624,0
31625,0
31626,0
31627,0
31628,0
31629,0
31630,0
31631,1
31632,0
31633,0
31634,1
31635,0
31636,0
31637,0
31638,0
31639,0
31640,0
31641,0
31642,0
31643,0
31644,0
31645,0
31646,0
31647,0
31648,0
31649,0
31650,0
31651,0
31652,0
31653,0
31654,0
31655,0
31656,0
31657,1
31658,0
31659,1
31660,1
31661,1
31662,0
31663,0
31664,0
31665,0
31666,0
31667,0
31668,0
31669,0
31670,0
31671,0
31672,0
31673,0
31674,1
31675,0
31676,1
31677,0
31678,0
31679,0
31680,0
31681,1
31682,1
31683,0
31684,1
31685,0
31686,0
31687,1
31688,0
31689,1
31690,0
31691,1
31692,0
31693,0
31694,1
31695,0
31696,0
31697,1
31698,1
31699,0
31700,0
31701,0
31702,0
31703,0
31704,0
31705,0
31706,0
31707,0
31708,1
31709,1
31710,1
31711,0
31712,1
31713,0
31714,0
31715,0
31716,0
31717,0
31718,0
31719,0
31720,0
31721,0
31722,0
31723,0
31724,1
31725,0
31726,0
31727,0
31728,0
31729,1
31730,0
31731,0
31732,0
31733,1
31734,1
31735,0
31736,0
31737,0
31738,0
31739,1
31740,1
31741,0
31742,0
31743,1
31744,0
31745,0
31746,1
31747,0
31748,0
31749,0
31750,0
31751,0
31752,0
31753,0
31754,0
31755,0
31756,0
31757,0
31758,0
31759,1
31760,0
31761,0
31762,1
31763,0
31764,1
31765,0
31766,0
31767,1
31768,0
31769,0
31770,0
31771,1
31772,0
31773,0
31774,0
31775,0
31776,0
31777,0
31778,0
31779,0
31780,0
31781,0
31782,0
31783,0
31784,0
31785,0
31786,0
31787,0
31788,0
31789,0
31790,0
31791,0
31792,1
31793,0
31794,1
31795,0
31796,1
31797,0
31798,0
31799,0
31800,0
31801,0
31802,0
31803,0
31804,1
31805,0
31806,0
31807,0
31808,0
31809,1
31810,0
31811,0
31812,0
31813,0
31814,1
31815,0
31816,0
31817,0
31818,0
31819,0
31820,0
31821,0
31822,0
31823,0
31824,0
31825,0
31826,1
31827,0
31828,0
31829,0
31830,1
31831,1
31832,1
31833,0
31834,1
31835,0
31836,0
31837,0
31838,0
31839,0
31840,0
31841,1
31842,0
31843,0
31844,0
31845,0
31846,0
31847,0
31848,0
31849,0
31850,0
31851,0
31852,0
31853,0
31854,0
31855,0
31856,1
31857,0
31858,0
31859,0
31860,1
31861,0
31862,0
31863,0
31864,0
31865,0
31866,0
31867,0
31868,0
31869,0
31870,0
31871,0
31872,0
31873,1
31874,0
31875,0
31876,0
31877,1
31878,1
31879,0
31880,1
31881,0
31882,0
31883,0
31884,0
31885,0
31886,1
31887,1
31888,0
31889,0
31890,0
31891,0
31892,0
31893,0
31894,0
31895,0
31896,0
31897,0
31898,0
31899,1
31900,0
31901,0
31902,1
31903,1
31904,1
31905,0
31906,0
31907,0
31908,0
31909,0
31910,0
31911,0
31912,0
31913,0
31914,0
31915,1
31916,0
31917,0
31918,0
31919,0
31920,0
31921,0
31922,1
31923,0
31924,0
31925,0
31926,0
31927,0
31928,0
31929,0
31930,0
31931,0
31932,0
31933,0
31934,0
31935,0
31936,0
31937,0
31938,0
31939,0
31940,0
31941,0
31942,0
31943,0
31944,1
31945,1
31946,1
31947,0
31948,0
31949,0
31950,0
31951,0
31952,0
31953,1
31954,1
31955,0
31956,0
31957,0
31958,0
31959,0
31960,1
31961,0
31962,0
31963,0
31964,1
31965,0
31966,0
31967,0
31968,0
31969,0
31970,0
31971,0
31972,0
31973,0
31974,0
31975,1
31976,0
31977,0
31978,0
31979,0
31980,0
31981,1
31982,0
31983,0
31984,0
31985,0
31986,0
31987,0
31988,0
31989,0
31990,0
31991,0
31992,0
31993,0
31994,1
31995,0
31996,0
31997,1
31998,0
31999,0
32000,0
32001,0
32002,0
32003,0
32004,0
32005,0
32006,0
32007,0
32008,0
32009,0
32010,0
32011,0
32012,0
32013,0
32014,0
32015,0
32016,0
32017,0
32018,0
32019,1
32020,0
32021,0
32022,0
32023,1
32024,1
32025,0
32026,0
32027,1
32028,1
32029,1
32030,0
32031,1
32032,0
32033,0
32034,0
32035,0
32036,0
32037,1
32038,0
32039,0
32040,0
32041,0
32042,0
32043,0
32044,0
32045,0
32046,0
32047,0
32048,0
32049,0
32050,0
32051,0
32052,1
32053,0
32054,0
32055,1
32056,1
32057,0
32058,0
32059,0
32060,0
32061,0
32062,0
32063,0
32064,1
32065,0
32066,0
32067,0
32068,0
32069,1
32070,0
32071,1
32072,0
32073,1
32074,0
32075,0
32076,0
32077,0
32078,1
32079,0
32080,1
32081,0
32082,0
32083,1
32084,1
32085,0
32086,0
32087,0
32088,0
32089,0
32090,0
32091,0
32092,0
32093,0
32094,0
32095,0
32096,0
32097,0
32098,0
32099,1
32100,0
32101,0
32102,0
32103,0
32104,0
32105,0
32106,0
32107,0
32108,0
32109,0
32110,0
32111,0
32112,0
32113,0
32114,0
32115,0
32116,1
32117,1
32118,0
32119,0
32120,0
32121,0
32122,0
32123,1
32124,0
32125,0
32126,0
32127,0
32128,1
32129,0
32130,0
32131,0
32132,0
32133,1
32134,0
32135,0
32136,1
32137,0
32138,0
32139,0
32140,0
32141,0
32142,1
32143,0
32144,1
32145,0
32146,0
32147,1
32148,0
32149,1
32150,0
32151,0
32152,0
32153,0
32154,0
32155,0
32156,0
32157,0
32158,1
32159,0
32160,0
32161,0
32162,0
32163,0
32164,0
32165,0
32166,0
32167,0
32168,0
32169,0
32170,0
32171,0
32172,0
32173,0
32174,1
32175,0
32176,0
32177,0
32178,0
32179,0
32180,0
32181,0
32182,0
32183,1
32184,0
32185,0
32186,1
32187,0
32188,1
32189,0
32190,0
32191,0
32192,0
32193,1
32194,0
32195,0
32196,0
32197,0
32198,0
32199,0
32200,0
32201,0
32202,0
32203,0
32204,0
32205,0
32206,0
32207,1
32208,1
32209,0
32210,0
32211,1
32212,0
32213,1
32214,0
32215,0
32216,0
32217,0
32218,0
32219,0
32220,0
32221,0
32222,0
32223,0
32224,0
32225,0
32226,0
32227,0
32228,0
32229,0
32230,0
32231,0
32232,0
32233,0
32234,1
32235,0
32236,0
32237,0
32238,0
32239,1
32240,0
32241,0
32242,1
32243,0
32244,0
32245,0
32246,0
32247,1
32248,0
32249,0
32250,0
32251,1
32252,0
32253,0
32254,0
32255,1
32256,0
32257,1
32258,1
32259,0
32260,0
32261,0
32262,0
32263,1
32264,0
32265,1
32266,0
32267,0
32268,0
32269,0
32270,0
32271,1
32272,0
32273,0
32274,0
32275,1
32276,0
32277,0
32278,0
32279,0
32280,0
32281,1
32282,0
32283,1
32284,0
32285,0
32286,0
32287,0
32288,0
32289,0
32290,1
32291,0
32292,1
32293,0
32294,0
32295,1
32296,0
32297,0
32298,0
32299,1
32300,0
32301,0
32302,0
32303,0
32304,0
32305,0
32306,0
32307,1
32308,0
32309,0
32310,0
32311,0
32312,0
32313,0
32314,0
32315,0
32316,0
32317,1
32318,0
32319,0
32320,0
32321,0
32322,1
32323,0
32324,0
32325,1
32326,0
32327,0
32328,0
32329,0
32330,1
32331,0
32332,0
32333,0
32334,0
32335,1
32336,0
32337,0
32338,0
32339,0
32340,0
32341,0
32342,0
32343,1
32344,0
32345,0
32346,1
32347,0
32348,1
32349,0
32350,1
32351,0
32352,0
32353,0
32354,0
32355,0
32356,0
32357,0
32358,0
32359,0
32360,0
32361,1
32362,0
32363,0
32364,1
32365,0
32366,0
32367,1
32368,0
32369,1
32370,0
32371,0
32372,0
32373,0
32374,0
32375,0
32376,0
32377,0
32378,0
32379,0
32380,0
32381,0
32382,0
32383,0
32384,0
32385,0
32386,1
32387,1
32388,0
32389,0
32390,1
32391,0
32392,1
32393,1
32394,1
32395,0
32396,0
32397,0
32398,0
32399,0
32400,0
32401,1
32402,0
32403,0
32404,0
32405,1
32406,0
32407,0
32408,0
32409,0
32410,1
32411,0
32412,0
32413,0
32414,0
32415,0
32416,0
32417,0
32418,0
32419,0
32420,0
32421,0
32422,0
32423,0
32424,1
32425,0
32426,0
32427,0
32428,0
32429,0
32430,0
32431,0
32432,1
32433,0
32434,0
32435,0
32436,0
32437,0
32438,1
32439,0
32440,0
32441,0
32442,0
32443,0
32444,0
32445,0
32446,0
32447,0
32448,0
32449,1
32450,0
32451,1
32452,1
32453,0
32454,1
32455,0
32456,1
32457,0
32458,1
32459,0
32460,0
32461,0
32462,0
32463,1
32464,0
32465,0
32466,0
32467,0
32468,0
32469,0
32470,0
32471,1
32472,0
32473,0
32474,0
32475,0
32476,0
32477,0
32478,1
32479,0
32480,0
32481,0
32482,0
32483,0
32484,0
32485,0
32486,0
32487,0
32488,0
32489,1
32490,1
32491,0
32492,0
32493,0
32494,0
32495,1
32496,0
32497,0
32498,0
32499,0
32500,0
32501,0
32502,1
32503,0
32504,0
32505,1
32506,0
32507,0
32508,0
32509,1
32510,0
32511,0
32512,0
32513,0
32514,0
32515,0
32516,0
32517,0
32518,0
32519,0
32520,0
32521,0
32522,0
32523,1
32524,0
32525,0
32526,0
32527,0
32528,0
32529,0
32530,0
32531,0
32532,0
32533,0
32534,0
32535,0
32536,0
32537,0
32538,1
32539,0
32540,0
32541,0
32542,1
32543,1
32544,0
32545,0
32546,0
32547,0
32548,0
32549,0
32550,0
32551,0
32552,0
32553,0
32554,0
32555,1
32556,0
32557,0
32558,0
32559,0
32560,0
32561,1
32562,0
32563,1
32564,1
32565,1
32566,0
32567,1
32568,1
32569,0
32570,1
32571,0
32572,0
32573,1
32574,0
32575,0
32576,0
32577,0
32578,1
32579,0
32580,0
32581,0
32582,0
32583,0
32584,1
32585,0
32586,0
32587,0
32588,0
32589,0
32590,0
32591,0
32592,0
32593,0
32594,0
32595,0
32596,0
32597,0
32598,0
32599,0
32600,0
32601,0
32602,0
32603,1
32604,0
32605,1
32606,0
32607,0
32608,1
32609,0
32610,0
32611,0
32612,0
32613,0
32614,0
32615,0
32616,0
32617,0
32618,0
32619,0
32620,0
32621,0
32622,0
32623,1
32624,0
32625,0
32626,0
32627,0
32628,0
32629,0
32630,0
32631,0
32632,1
32633,0
32634,0
32635,0
32636,0
32637,0
32638,0
32639,1
32640,0
32641,0
32642,0
32643,0
32644,0
32645,0
32646,1
32647,0
32648,1
32649,0
32650,0
32651,0
32652,0
32653,0
32654,0
32655,0
32656,0
32657,0
32658,0
32659,0
32660,1
32661,0
32662,0
32663,0
32664,0
32665,0
32666,1
32667,1
32668,0
32669,0
32670,1
32671,0
32672,0
32673,0
32674,0
32675,0
32676,0
32677,0
32678,1
32679,1
32680,0
32681,1
32682,0
32683,0
32684,0
32685,0
32686,1
32687,0
32688,0
32689,1
32690,0
32691,0
32692,0
32693,0
32694,0
32695,0
32696,1
32697,1
32698,0
32699,1
32700,0
32701,0
32702,0
32703,0
32704,1
32705,0
32706,0
32707,1
32708,0
32709,0
32710,1
32711,0
32712,0
32713,1
32714,0
32715,0
32716,1
32717,0
32718,0
32719,0
32720,1
32721,0
32722,0
32723,0
32724,1
32725,0
32726,0
32727,0
32728,0
32729,0
32730,0
32731,0
32732,0
32733,0
32734,0
32735,0
32736,0
32737,0
32738,0
32739,1
32740,1
32741,0
32742,0
32743,1
32744,0
32745,0
32746,0
32747,0
32748,1
32749,0
32750,0
32751,1
32752,0
32753,0
32754,0
32755,0
32756,0
32757,0
32758,0
32759,0
32760,0
32761,0
32762,0
32763,0
32764,0
32765,0
32766,1
32767,0
32768,0
32769,1
32770,1
32771,0
32772,0
32773,0
32774,0
32775,0
32776,0
32777,0
32778,1
32779,1
32780,0
32781,0
32782,1
32783,0
32784,0
32785,0
32786,0
32787,0
32788,0
32789,0
32790,1
32791,0
32792,0
32793,0
32794,0
32795,0
32796,0
32797,1
32798,0
32799,0
32800,0
32801,0
32802,0
32803,1
32804,0
32805,0
32806,1
32807,0
32808,0
32809,0
32810,1
32811,1
32812,0
32813,0
32814,0
32815,0
32816,0
32817,0
32818,0
32819,1
32820,0
32821,0
32822,0
32823,0
32824,1
32825,1
32826,1
32827,0
32828,0
32829,0
32830,0
32831,0
32832,1
32833,0
32834,0
32835,0
32836,0
32837,0
32838,0
32839,0
32840,0
32841,0
32842,0
32843,1
32844,0
32845,0
32846,0
32847,0
32848,0
32849,0
32850,0
32851,1
32852,0
32853,1
32854,0
32855,0
32856,0
32857,0
32858,0
32859,0
32860,1
32861,0
32862,0
32863,0
32864,0
32865,0
32866,0
32867,0
32868,0
32869,1
32870,0
32871,1
32872,0
32873,0
32874,0
32875,1
32876,1
32877,1
32878,0
32879,1
32880,0
32881,1
32882,0
32883,0
32884,0
32885,0
32886,0
32887,0
32888,0
32889,1
32890,1
32891,0
32892,0
32893,1
32894,0
32895,1
32896,0
32897,0
32898,0
32899,0
32900,0
32901,0
32902,0
32903,0
32904,0
32905,1
32906,0
32907,0
32908,0
32909,1
32910,0
32911,0
32912,0
32913,0
32914,0
32915,1
32916,0
32917,0
32918,0
32919,0
32920,0
32921,1
32922,0
32923,0
32924,0
32925,0
32926,0
32927,0
32928,0
32929,0
32930,0
32931,0
32932,0
32933,0
32934,0
32935,1
32936,0
32937,0
32938,0
32939,0
32940,0
32941,0
32942,0
32943,1
32944,0
32945,0
32946,0
32947,0
32948,0
32949,0
32950,0
32951,1
32952,0
32953,0
32954,0
32955,1
32956,0
32957,0
32958,0
32959,0
32960,0
32961,0
32962,0
32963,0
32964,0
32965,0
32966,0
32967,1
32968,0
32969,1
32970,0
32971,0
32972,0
32973,0
32974,0
32975,1
32976,0
32977,1
32978,0
32979,0
32980,1
32981,0
32982,1
32983,1
32984,0
32985,1
32986,0
32987,0
32988,1
32989,0
32990,0
32991,0
32992,0
32993,0
32994,1
32995,1
32996,0
32997,0
32998,0
32999,0
33000,1
33001,0
33002,1
33003,0
33004,0
33005,0
33006,0
33007,1
33008,0
33009,1
33010,0
33011,0
33012,0
33013,0
33014,0
33015,0
33016,0
33017,0
33018,0
33019,1
33020,0
33021,0
33022,0
33023,0
33024,0
33025,0
33026,0
33027,0
33028,0
33029,0
33030,0
33031,0
33032,1
33033,0
33034,0
33035,0
33036,1
33037,0
33038,0
33039,0
33040,0
33041,0
33042,0
33043,0
33044,0
33045,0
33046,0
33047,0
33048,1
33049,0
33050,0
33051,0
33052,1
33053,0
33054,0
33055,0
33056,0
33057,0
33058,0
33059,0
33060,1
33061,0
33062,0
33063,0
33064,0
33065,0
33066,0
33067,0
33068,0
33069,0
33070,0
33071,1
33072,0
33073,0
33074,0
33075,0
33076,0
33077,1
33078,0
33079,0
33080,0
33081,0
33082,0
33083,0
33084,0
33085,0
33086,0
33087,0
33088,1
33089,1
33090,1
33091,0
33092,1
33093,1
33094,1
33095,0
33096,0
33097,0
33098,0
33099,0
33100,1
33101,0
33102,0
33103,0
33104,1
33105,1
33106,0
33107,0
33108,0
33109,0
33110,0
33111,0
33112,0
33113,0
33114,0
33115,1
33116,1
33117,0
33118,0
33119,1
33120,1
33121,0
33122,0
33123,0
33124,0
33125,0
33126,0
33127,1
33128,0
33129,0
33130,0
33131,0
33132,0
33133,0
33134,0
33135,0
33136,0
33137,0
33138,0
33139,1
33140,0
33141,1
33142,0
33143,0
33144,0
33145,1
33146,0
33147,0
33148,1
33149,0
33150,0
33151,0
33152,0
33153,0
33154,0
33155,0
33156,1
33157,1
33158,0
33159,0
33160,0
33161,0
33162,0
33163,0
33164,0
33165,0
33166,0
33167,0
33168,0
33169,1
33170,1
33171,0
33172,0
33173,0
33174,1
33175,0
33176,1
33177,0
33178,0
33179,0
33180,0
33181,0
33182,0
33183,0
33184,0
33185,0
33186,0
33187,0
33188,0
33189,0
33190,0
33191,0
33192,1
33193,0
33194,0
33195,0
33196,0
33197,1
33198,1
33199,1
33200,0
33201,0
33202,0
33203,1
33204,0
33205,0
33206,0
33207,0
33208,0
33209,0
33210,0
33211,0
33212,0
33213,0
33214,0
33215,0
33216,0
33217,0
33218,1
33219,0
33220,0
33221,0
33222,0
33223,0
33224,1
33225,0
33226,1
33227,0
33228,0
33229,0
33230,0
33231,1
33232,0
33233,0
33234,0
33235,0
33236,0
33237,0
33238,0
33239,0
33240,1
33241,0
33242,0
33243,0
33244,1
33245,1
33246,0
33247,1
33248,0
33249,0
33250,1
33251,0
33252,1
33253,0
33254,1
33255,0
33256,0
33257,0
33258,1
33259,0
33260,0
33261,1
33262,0
33263,0
33264,1
33265,0
33266,0
33267,1
33268,0
33269,0
33270,0
33271,0
33272,0
33273,0
33274,0
33275,0
33276,0
33277,0
33278,0
33279,0
33280,1
33281,0
33282,0
33283,0
33284,0
33285,0
33286,0
33287,0
33288,0
33289,0
33290,0
33291,0
33292,0
33293,0
33294,1
33295,0
33296,0
33297,0
33298,0
33299,0
33300,0
33301,0
33302,0
33303,0
33304,1
33305,0
33306,0
33307,0
33308,0
33309,0
33310,0
33311,0
33312,0
33313,1
33314,0
33315,1
33316,0
33317,0
33318,0
33319,0
33320,0
33321,1
33322,0
33323,0
33324,0
33325,0
33326,0
33327,0
33328,0
33329,0
33330,1
33331,0
33332,0
33333,0
33334,0
33335,0
33336,0
33337,0
33338,0
33339,0
33340,0
33341,1
33342,0
33343,0
33344,0
33345,0
33346,1
33347,0
33348,0
33349,0
33350,0
33351,0
33352,0
33353,0
33354,0
33355,0
33356,0
33357,0
33358,0
33359,0
33360,0
33361,0
33362,0
33363,0
33364,1
33365,0
33366,0
33367,1
33368,0
33369,0
33370,1
33371,0
33372,0
33373,1
33374,0
33375,0
33376,0
33377,0
33378,0
33379,0
33380,0
33381,1
33382,0
33383,0
33384,0
33385,0
33386,1
33387,1
33388,0
33389,0
33390,0
33391,0
33392,0
33393,0
33394,0
33395,0
33396,0
33397,0
33398,0
33399,0
33400,0
33401,0
33402,0
33403,0
33404,0
33405,0
33406,0
33407,0
33408,1
33409,0
33410,0
33411,0
33412,0
33413,0
33414,0
33415,0
33416,0
33417,0
33418,0
33419,0
33420,0
33421,0
33422,0
33423,0
33424,0
33425,0
33426,0
33427,0
33428,0
33429,0
33430,0
33431,0
33432,0
33433,0
33434,0
33435,0
33436,0
33437,0
33438,0
33439,0
33440,0
33441,0
33442,1
33443,0
33444,0
33445,1
33446,1
33447,0
33448,0
33449,0
33450,0
33451,0
33452,0
33453,0
33454,0
33455,0
33456,0
33457,0
33458,0
33459,0
33460,1
33461,0
33462,0
33463,1
33464,0
33465,0
33466,0
33467,0
33468,0
33469,1
33470,1
33471,0
33472,0
33473,0
33474,0
33475,0
33476,0
33477,0
33478,0
33479,0
33480,0
33481,1
33482,1
33483,0
33484,0
33485,0
33486,0
33487,0
33488,0
33489,0
33490,0
33491,0
33492,1
33493,0
33494,0
33495,0
33496,0
33497,0
33498,1
33499,1
33500,0
33501,0
33502,1
33503,0
33504,0
33505,0
33506,0
33507,0
33508,0
33509,0
33510,1
33511,0
33512,0
33513,0
33514,0
33515,0
33516,0
33517,0
33518,0
33519,0
33520,1
33521,0
33522,0
33523,0
33524,0
33525,0
33526,0
33527,1
33528,0
33529,0
33530,0
33531,0
33532,0
33533,1
33534,0
33535,0
33536,0
33537,0
33538,0
33539,0
33540,0
33541,0
33542,0
33543,0
33544,0
33545,0
33546,0
33547,0
33548,0
33549,0
33550,0
33551,0
33552,1
33553,0
33554,0
33555,0
33556,1
33557,0
33558,1
33559,1
33560,1
33561,1
33562,1
33563,0
33564,0
33565,0
33566,0
33567,0
33568,0
33569,0
33570,0
33571,0
33572,1
33573,0
33574,0
33575,0
33576,0
33577,0
33578,0
33579,1
33580,0
33581,0
33582,0
33583,1
33584,0
33585,1
33586,0
33587,0
33588,0
33589,0
33590,0
33591,0
33592,0
33593,0
33594,0
33595,0
33596,0
33597,0
33598,0
33599,0
33600,1
33601,0
33602,0
33603,0
33604,0
33605,0
33606,0
33607,0
33608,0
33609,0
33610,0
33611,0
33612,0
33613,0
33614,0
33615,0
33616,0
33617,1
33618,0
33619,0
33620,1
33621,0
33622,1
33623,0
33624,0
33625,0
33626,0
33627,0
33628,0
33629,0
33630,0
33631,0
33632,1
33633,0
33634,1
33635,0
33636,0
33637,1
33638,0
33639,0
33640,0
33641,1
33642,0
33643,1
33644,1
33645,0
33646,1
33647,0
33648,0
33649,0
33650,1
33651,0
33652,0
33653,0
33654,0
33655,0
33656,1
33657,0
33658,0
33659,0
33660,0
33661,0
33662,0
33663,0
33664,0
33665,0
33666,0
33667,0
33668,0
33669,0
33670,1
33671,1
33672,0
33673,0
33674,0
33675,0
33676,0
33677,0
33678,1
33679,0
33680,0
33681,1
33682,0
33683,0
33684,0
33685,0
33686,0
33687,0
33688,0
33689,1
33690,0
33691,0
33692,1
33693,1
33694,0
33695,0
33696,1
33697,0
33698,0
33699,0
33700,0
33701,1
33702,0
33703,0
33704,0
33705,0
33706,0
33707,0
33708,1
33709,0
33710,0
33711,1
33712,0
33713,0
33714,0
33715,0
33716,0
33717,0
33718,0
33719,0
33720,0
33721,0
33722,0
33723,0
33724,0
33725,0
33726,0
33727,0
33728,0
33729,0
33730,0
33731,0
33732,0
33733,0
33734,0
33735,0
33736,0
33737,0
33738,0
33739,0
33740,0
33741,0
33742,0
33743,0
33744,0
33745,0
33746,1
33747,0
33748,0
33749,0
33750,1
33751,0
33752,0
33753,1
33754,0
33755,0
33756,0
33757,0
33758,0
33759,0
33760,0
33761,0
33762,0
33763,0
33764,1
33765,1
33766,0
33767,1
33768,0
33769,0
33770,0
33771,1
33772,0
33773,0
33774,0
33775,0
33776,1
33777,0
33778,0
33779,0
33780,0
33781,0
33782,0
33783,1
33784,0
33785,1
33786,0
33787,0
33788,0
33789,0
33790,0
33791,0
33792,1
33793,0
33794,0
33795,0
33796,0
33797,1
33798,0
33799,0
33800,0
33801,0
33802,1
33803,0
33804,1
33805,0
33806,1
33807,0
33808,0
33809,1
33810,0
33811,0
33812,1
33813,0
33814,0
33815,0
33816,0
33817,0
33818,0
33819,0
33820,0
33821,0
33822,0
33823,0
33824,0
33825,0
33826,0
33827,1
33828,0
33829,0
33830,0
33831,0
33832,0
33833,1
33834,0
33835,0
33836,1
33837,1
33838,0
33839,0
33840,0
33841,0
33842,0
33843,0
33844,0
33845,0
33846,0
33847,0
33848,0
33849,0
33850,0
33851,0
33852,0
33853,0
33854,0
33855,1
33856,0
33857,0
33858,1
33859,0
33860,0
33861,0
33862,0
33863,1
33864,0
33865,0
33866,1
33867,1
33868,0
33869,0
33870,0
33871,0
33872,1
33873,0
33874,0
33875,0
33876,0
33877,0
33878,0
33879,0
33880,0
33881,0
33882,0
33883,0
33884,0
33885,0
33886,0
33887,0
33888,1
33889,0
33890,0
33891,0
33892,0
33893,0
33894,0
33895,1
33896,0
33897,0
33898,0
33899,1
33900,1
33901,0
33902,0
33903,1
33904,0
33905,0
33906,0
33907,0
33908,0
33909,0
33910,1
33911,0
33912,0
33913,0
33914,0
33915,0
33916,0
33917,0
33918,0
33919,1
33920,0
33921,0
33922,1
33923,0
33924,0
33925,1
33926,0
33927,0
33928,0
33929,0
33930,0
33931,0
33932,0
33933,1
33934,0
33935,0
33936,0
33937,0
33938,0
33939,0
33940,1
33941,0
33942,1
33943,0
33944,0
33945,0
33946,0
33947,0
33948,1
33949,1
33950,0
33951,0
33952,1
33953,1
33954,0
33955,0
33956,0
33957,0
33958,0
33959,1
33960,0
33961,0
33962,0
33963,0
33964,0
33965,0
33966,0
33967,0
33968,0
33969,1
33970,0
33971,0
33972,0
33973,0
33974,0
33975,0
33976,0
33977,0
33978,0
33979,1
33980,1
33981,0
33982,1
33983,1
33984,0
33985,1
33986,0
33987,0
33988,0
33989,0
33990,0
33991,0
33992,1
33993,0
33994,0
33995,0
33996,0
33997,1
33998,0
33999,0
34000,1
34001,0
34002,1
34003,0
34004,0
34005,0
34006,0
34007,0
34008,1
34009,0
34010,0
34011,1
34012,0
34013,0
34014,0
34015,0
34016,0
34017,0
34018,0
34019,0
34020,0
34021,0
34022,0
34023,0
34024,0
34025,0
34026,0
34027,0
34028,0
34029,0
34030,1
34031,0
34032,0
34033,0
34034,0
34035,1
34036,0
34037,1
34038,0
34039,0
34040,0
34041,1
34042,0
34043,1
34044,0
34045,1
34046,0
34047,0
34048,0
34049,0
34050,0
34051,1
34052,0
34053,1
34054,0
34055,0
34056,0
34057,0
34058,1
34059,0
34060,0
34061,1
34062,1
34063,0
34064,1
34065,0
34066,1
34067,0
34068,1
34069,0
34070,0
34071,0
34072,0
34073,1
34074,0
34075,0
34076,0
34077,0
34078,0
34079,0
34080,0
34081,0
34082,0
34083,0
34084,0
34085,0
34086,0
34087,0
34088,0
34089,1
34090,0
34091,0
34092,1
34093,0
34094,1
34095,0
34096,0
34097,0
34098,0
34099,1
34100,0
34101,1
34102,0
34103,0
34104,1
34105,0
34106,0
34107,1
34108,0
34109,0
34110,0
34111,1
34112,1
34113,0
34114,0
34115,0
34116,1
34117,1
34118,0
34119,1
34120,0
34121,1
34122,0
34123,0
34124,0
34125,0
34126,1
34127,1
34128,0
34129,0
34130,0
34131,1
34132,0
34133,0
34134,0
34135,1
34136,0
34137,0
34138,1
34139,0
34140,0
34141,0
34142,0
34143,0
34144,0
34145,1
34146,0
34147,0
34148,1
34149,0
34150,1
34151,0
34152,1
34153,0
34154,0
34155,0
34156,0
34157,0
34158,0
34159,0
34160,0
34161,0
34162,0
34163,0
34164,0
34165,0
34166,0
34167,0
34168,0
34169,0
34170,0
34171,0
34172,0
34173,1
34174,0
34175,0
34176,0
34177,1
34178,0
34179,0
34180,0
34181,0
34182,0
34183,0
34184,0
34185,0
34186,0
34187,0
34188,0
34189,0
34190,0
34191,1
34192,0
34193,0
34194,0
34195,0
34196,0
34197,0
34198,1
34199,1
34200,0
34201,0
34202,0
34203,0
34204,1
34205,0
34206,0
34207,0
34208,0
34209,0
34210,0
34211,0
34212,1
34213,1
34214,0
34215,0
34216,1
34217,1
34218,0
34219,0
34220,0
34221,1
34222,1
34223,0
34224,0
34225,0
34226,0
34227,1
34228,0
34229,0
34230,0
34231,0
34232,1
34233,0
34234,1
34235,0
34236,0
34237,0
34238,1
34239,0
34240,0
34241,0
34242,0
34243,0
34244,1
34245,0
34246,0
34247,1
34248,0
34249,0
34250,0
34251,0
34252,1
34253,0
34254,1
34255,0
34256,0
34257,0
34258,0
34259,0
34260,0
34261,0
34262,0
34263,0
34264,0
34265,0
34266,1
34267,1
34268,0
34269,0
34270,0
34271,0
34272,0
34273,0
34274,0
34275,0
34276,0
34277,1
34278,0
34279,1
34280,0
34281,0
34282,1
34283,0
34284,0
34285,0
34286,0
34287,0
34288,0
34289,0
34290,0
34291,0
34292,1
34293,0
34294,0
34295,0
34296,1
34297,0
34298,0
34299,0
34300,0
34301,0
34302,1
34303,0
34304,0
34305,0
34306,0
34307,0
34308,0
34309,0
34310,0
34311,0
34312,0
34313,0
34314,0
34315,0
34316,0
34317,0
34318,0
34319,0
34320,0
34321,0
34322,0
34323,0
34324,0
34325,0
34326,0
34327,0
34328,1
34329,1
34330,0
34331,0
34332,0
34333,0
34334,0
34335,0
34336,0
34337,0
34338,0
34339,0
34340,0
34341,0
34342,1
34343,0
34344,1
34345,0
34346,0
34347,1
34348,0
34349,1
34350,0
34351,0
34352,0
34353,0
34354,0
34355,0
34356,0
34357,0
34358,0
34359,0
34360,0
34361,0
34362,1
34363,0
34364,0
34365,0
34366,1
34367,0
34368,1
34369,0
34370,0
34371,0
34372,0
34373,0
34374,0
34375,0
34376,0
34377,0
34378,0
34379,0
34380,0
34381,0
34382,0
34383,0
34384,0
34385,0
34386,0
34387,1
34388,0
34389,1
34390,1
34391,0
34392,0
34393,0
34394,0
34395,0
34396,0
34397,0
34398,1
34399,0
34400,0
34401,0
34402,0
34403,0
34404,0
34405,0
34406,0
34407,0
34408,0
34409,0
34410,0
34411,1
34412,1
34413,1
34414,0
34415,1
34416,0
34417,0
34418,0
34419,0
34420,1
34421,0
34422,0
34423,0
34424,1
34425,0
34426,0
34427,0
34428,0
34429,1
34430,0
34431,0
34432,1
34433,0
34434,1
34435,1
34436,0
34437,0
34438,0
34439,0
34440,0
34441,0
34442,0
34443,0
34444,0
34445,0
34446,0
34447,0
34448,0
34449,0
34450,0
34451,0
34452,1
34453,0
34454,0
34455,0
34456,0
34457,0
34458,0
34459,0
34460,0
34461,1
34462,1
34463,0
34464,0
34465,0
34466,0
34467,0
34468,1
34469,0
34470,0
34471,0
34472,1
34473,0
34474,1
34475,0
34476,0
34477,0
34478,0
34479,0
34480,0
34481,0
34482,0
34483,0
34484,1
34485,0
34486,0
34487,0
34488,0
34489,1
34490,0
34491,1
34492,0
34493,1
34494,0
34495,0
34496,0
34497,0
34498,0
34499,0
34500,0
34501,0
34502,0
34503,0
34504,0
34505,0
34506,0
34507,0
34508,0
34509,0
34510,0
34511,1
34512,1
34513,0
34514,0
34515,0
34516,0
34517,0
34518,1
34519,0
34520,0
34521,0
34522,0
34523,0
34524,0
34525,0
34526,0
34527,0
34528,0
34529,0
34530,0
34531,0
34532,1
34533,0
34534,0
34535,0
34536,0
34537,1
34538,1
34539,0
34540,0
34541,0
34542,0
34543,0
34544,0
34545,0
34546,0
34547,1
34548,0
34549,1
34550,0
34551,0
34552,1
34553,0
34554,0
34555,1
34556,0
34557,0
34558,0
34559,0
34560,0
34561,0
34562,0
34563,0
34564,0
34565,0
34566,0
34567,0
34568,1
34569,0
34570,1
34571,0
34572,0
34573,0
34574,0
34575,0
34576,1
34577,0
34578,1
34579,0
34580,0
34581,0
34582,1
34583,0
34584,0
34585,1
34586,0
34587,1
34588,0
34589,1
34590,0
34591,0
34592,0
34593,0
34594,0
34595,0
34596,0
34597,0
34598,0
34599,1
34600,1
34601,1
34602,0
34603,0
34604,0
34605,1
34606,0
34607,1
34608,0
34609,0
34610,0
34611,1
34612,0
34613,0
34614,0
34615,0
34616,0
34617,0
34618,1
34619,1
34620,0
34621,0
34622,0
34623,0
34624,1
34625,1
34626,0
34627,0
34628,0
34629,0
34630,0
34631,0
34632,0
34633,0
34634,0
34635,0
34636,0
34637,0
34638,0
34639,1
34640,0
34641,0
34642,0
34643,1
34644,0
34645,0
34646,0
34647,0
34648,0
34649,0
34650,0
34651,0
34652,0
34653,0
34654,1
34655,1
34656,0
34657,0
34658,0
34659,0
34660,1
34661,1
34662,0
34663,0
34664,1
34665,1
34666,0
34667,0
34668,0
34669,0
34670,0
34671,0
34672,0
34673,1
34674,0
34675,0
34676,1
34677,1
34678,0
34679,1
34680,0
34681,0
34682,0
34683,0
34684,0
34685,0
34686,0
34687,0
34688,0
34689,0
34690,0
34691,0
34692,0
34693,0
34694,0
34695,0
34696,0
34697,0
34698,0
34699,1
34700,0
34701,0
34702,0
34703,0
34704,0
34705,0
34706,0
34707,0
34708,0
34709,0
34710,0
34711,0
34712,0
34713,0
34714,0
34715,0
34716,0
34717,0
34718,1
34719,1
34720,1
34721,0
34722,0
34723,0
34724,1
34725,0
34726,0
34727,1
34728,1
34729,1
34730,0
34731,0
34732,0
34733,0
34734,0
34735,0
34736,0
34737,1
34738,0
34739,1
34740,0
34741,1
34742,0
34743,0
34744,0
34745,0
34746,0
34747,0
34748,1
34749,0
34750,0
34751,1
34752,0
34753,0
34754,0
34755,0
34756,0
34757,0
34758,0
34759,0
34760,0
34761,0
34762,1
34763,1
34764,0
34765,0
34766,0
34767,0
34768,0
34769,0
34770,0
34771,1
34772,1
34773,0
34774,0
34775,0
34776,0
34777,0
34778,0
34779,0
34780,1
34781,0
34782,0
34783,0
34784,0
34785,0
34786,1
34787,0
34788,0
34789,0
34790,0
34791,1
34792,0
34793,0
34794,1
34795,0
34796,0
34797,0
34798,0
34799,0
34800,0
34801,1
34802,0
34803,1
34804,0
34805,0
34806,1
34807,0
34808,0
34809,0
34810,0
34811,0
34812,0
34813,0
34814,1
34815,0
34816,0
34817,1
34818,0
34819,0
34820,0
34821,0
34822,0
34823,1
34824,0
34825,0
34826,0
34827,0
34828,1
34829,1
34830,0
34831,0
34832,1
34833,1
34834,0
34835,1
34836,1
34837,0
34838,0
34839,1
34840,0
34841,0
34842,0
34843,0
34844,1
34845,1
34846,0
34847,1
34848,0
34849,1
34850,0
34851,0
34852,0
34853,0
34854,0
34855,0
34856,1
34857,0
34858,0
34859,0
34860,1
34861,0
34862,0
34863,0
34864,1
34865,1
34866,0
34867,0
34868,1
34869,0
34870,1
34871,0
34872,0
34873,0
34874,0
34875,0
34876,0
34877,0
34878,0
34879,0
34880,0
34881,1
34882,0
34883,0
34884,0
34885,1
34886,1
34887,0
34888,0
34889,0
34890,0
34891,0
34892,0
34893,0
34894,0
34895,1
34896,0
34897,0
34898,0
34899,1
34900,0
34901,0
34902,1
34903,0
34904,0
34905,1
34906,0
34907,0
34908,0
34909,0
34910,0
34911,1
34912,0
34913,0
34914,0
34915,0
34916,1
34917,0
34918,0
34919,0
34920,0
34921,0
34922,0
34923,0
34924,1
34925,0
34926,1
34927,1
34928,0
34929,1
34930,0
34931,1
34932,1
34933,1
34934,0
34935,1
34936,0
34937,0
34938,0
34939,0
34940,0
34941,0
34942,0
34943,0
34944,0
34945,1
34946,1
34947,0
34948,0
34949,0
34950,0
34951,0
34952,0
34953,0
34954,0
34955,0
34956,1
34957,1
34958,1
34959,0
34960,0
34961,0
34962,0
34963,0
34964,0
34965,1
34966,0
34967,0
34968,0
34969,0
34970,0
34971,0
34972,0
34973,0
34974,0
34975,0
34976,0
34977,0
34978,0
34979,0
34980,0
34981,0
34982,1
34983,0
34984,1
34985,1
34986,0
34987,1
34988,0
34989,0
34990,1
34991,0
34992,1
34993,0
34994,0
34995,0
34996,0
34997,0
34998,1
34999,0
35000,0
35001,0
35002,0
35003,0
35004,0
35005,0
35006,0
35007,1
35008,0
35009,0
35010,1
35011,0
35012,1
35013,0
35014,0
35015,0
35016,0
35017,1
35018,0
35019,0
35020,0
35021,1
35022,1
35023,0
35024,0
35025,0
35026,0
35027,0
35028,1
35029,0
35030,0
35031,0
35032,0
35033,0
35034,0
35035,0
35036,1
35037,0
35038,0
35039,0
35040,0
35041,0
35042,0
35043,0
35044,0
35045,0
35046,0
35047,0
35048,0
35049,1
35050,1
35051,1
35052,0
35053,0
35054,0
35055,0
35056,0
35057,0
35058,0
35059,0
35060,0
35061,0
35062,0
35063,1
35064,0
35065,0
35066,0
35067,0
35068,0
35069,0
35070,0
35071,0
35072,0
35073,0
35074,1
35075,0
35076,0
35077,1
35078,0
35079,1
35080,1
35081,0
35082,0
35083,0
35084,0
35085,1
35086,0
35087,0
35088,0
35089,0
35090,0
35091,0
35092,0
35093,0
35094,1
35095,0
35096,1
35097,0
35098,0
35099,0
35100,0
35101,0
35102,1
35103,1
35104,0
35105,0
35106,0
35107,0
35108,0
35109,0
35110,0
35111,0
35112,0
35113,0
35114,1
35115,0
35116,0
35117,0
35118,0
35119,0
35120,0
35121,0
35122,1
35123,1
35124,0
35125,0
35126,0
35127,0
35128,0
35129,0
35130,1
35131,0
35132,0
35133,1
35134,0
35135,0
35136,0
35137,0
35138,0
35139,0
35140,1
35141,1
35142,1
35143,0
35144,0
35145,1
35146,0
35147,0
35148,0
35149,0
35150,0
35151,0
35152,1
35153,0
35154,0
35155,1
35156,0
35157,0
35158,0
35159,0
35160,0
35161,0
35162,0
35163,0
35164,0
35165,0
35166,1
35167,0
35168,0
35169,0
35170,0
35171,0
35172,0
35173,1
35174,0
35175,0
35176,0
35177,0
35178,0
35179,0
35180,0
35181,0
35182,0
35183,0
35184,0
35185,0
35186,0
35187,0
35188,1
35189,1
35190,0
35191,0
35192,0
35193,0
35194,1
35195,0
35196,0
35197,0
35198,0
35199,0
35200,1
35201,1
35202,1
35203,1
35204,0
35205,0
35206,0
35207,0
35208,1
35209,0
35210,0
35211,0
35212,0
35213,0
35214,0
35215,0
35216,0
35217,0
35218,1
35219,1
35220,0
35221,0
35222,0
35223,0
35224,1
35225,1
35226,0
35227,0
35228,0
35229,0
35230,0
35231,0
35232,1
35233,1
35234,0
35235,0
35236,0
35237,0
35238,0
35239,0
35240,1
35241,0
35242,1
35243,0
35244,0
35245,0
35246,0
35247,0
35248,0
35249,0
35250,0
35251,0
35252,1
35253,1
35254,0
35255,0
35256,0
35257,0
35258,0
35259,1
35260,0
35261,0
35262,0
35263,0
35264,0
35265,0
35266,1
35267,0
35268,0
35269,0
35270,0
35271,0
35272,0
35273,0
35274,0
35275,0
35276,0
35277,0
35278,0
35279,0
35280,1
35281,0
35282,0
35283,0
35284,0
35285,0
35286,0
35287,0
35288,0
35289,0
35290,0
35291,1
35292,1
35293,0
35294,0
35295,0
35296,1
35297,0
35298,0
35299,1
35300,0
35301,1
35302,0
35303,1
35304,0
35305,0
35306,0
35307,0
35308,0
35309,1
35310,0
35311,0
35312,0
35313,0
35314,0
35315,0
35316,0
35317,0
35318,0
35319,0
35320,1
35321,0
35322,1
35323,0
35324,0
35325,0
35326,0
35327,0
35328,0
35329,0
35330,0
35331,1
35332,0
35333,0
35334,0
35335,0
35336,0
35337,1
35338,0
35339,0
35340,0
35341,1
35342,0
35343,0
35344,0
35345,0
35346,1
35347,0
35348,0
35349,0
35350,0
35351,0
35352,1
35353,0
35354,0
35355,0
35356,0
35357,1
35358,0
35359,0
35360,0
35361,1
35362,0
35363,0
35364,0
35365,1
35366,0
35367,0
35368,0
35369,0
35370,0
35371,1
35372,0
35373,0
35374,0
35375,0
35376,0
35377,0
35378,0
35379,0
35380,0
35381,1
35382,0
35383,0
35384,0
35385,0
35386,0
35387,0
35388,1
35389,0
35390,0
35391,1
35392,0
35393,0
35394,1
35395,0
35396,1
35397,1
35398,0
35399,0
35400,0
35401,0
35402,0
35403,0
35404,0
35405,0
35406,0
35407,0
35408,0
35409,0
35410,0
35411,0
35412,1
35413,1
35414,0
35415,0
35416,0
35417,0
35418,0
35419,1
35420,0
35421,1
35422,0
35423,1
35424,1
35425,0
35426,0
35427,0
35428,0
35429,0
35430,0
35431,0
35432,0
35433,1
35434,0
35435,0
35436,0
35437,0
35438,0
35439,0
35440,0
35441,0
35442,0
35443,1
35444,1
35445,0
35446,0
35447,0
35448,0
35449,0
35450,0
35451,1
35452,0
35453,0
35454,0
35455,0
35456,0
35457,0
35458,1
35459,1
35460,1
35461,1
35462,0
35463,0
35464,0
35465,0
35466,0
35467,0
35468,0
35469,1
35470,0
35471,0
35472,0
35473,0
35474,1
35475,1
35476,0
35477,0
35478,1
35479,0
35480,0
35481,0
35482,0
35483,1
35484,0
35485,1
35486,1
35487,0
35488,0
35489,0
35490,1
35491,1
35492,1
35493,0
35494,0
35495,0
35496,1
35497,0
35498,0
35499,0
35500,0
35501,1
35502,1
35503,1
35504,0
35505,0
35506,0
35507,0
35508,0
35509,0
35510,1
35511,0
35512,0
35513,0
35514,0
35515,0
35516,0
35517,0
35518,0
35519,0
35520,0
35521,0
35522,0
35523,0
35524,1
35525,1
35526,0
35527,0
35528,0
35529,0
35530,0
35531,0
35532,0
35533,0
35534,0
35535,0
35536,1
35537,0
35538,0
35539,0
35540,0
35541,0
35542,1
35543,0
35544,0
35545,0
35546,0
35547,1
35548,0
35549,0
35550,0
35551,1
35552,0
35553,1
35554,0
35555,0
35556,0
35557,1
35558,1
35559,0
35560,0
35561,0
35562,0
35563,0
35564,0
35565,0
35566,0
35567,0
35568,1
35569,0
35570,0
35571,0
35572,0
35573,0
35574,0
35575,0
35576,0
35577,0
35578,0
35579,0
35580,0
35581,0
35582,0
35583,0
35584,0
35585,0
35586,0
35587,0
35588,0
35589,0
35590,0
35591,1
35592,0
35593,1
35594,0
35595,0
35596,0
35597,0
35598,0
35599,0
35600,0
35601,1
35602,0
35603,1
35604,0
35605,0
35606,1
35607,0
35608,0
35609,0
35610,1
35611,0
35612,1
35613,0
35614,0
35615,1
35616,1
35617,1
35618,0
35619,0
35620,1
35621,0
35622,0
35623,0
35624,0
35625,0
35626,0
35627,1
35628,0
35629,0
35630,1
35631,0
35632,1
35633,0
35634,0
35635,0
35636,0
35637,0
35638,1
35639,0
35640,0
35641,1
35642,0
35643,0
35644,0
35645,1
35646,1
35647,0
35648,0
35649,0
35650,0
35651,0
35652,0
35653,0
35654,0
35655,0
35656,0
35657,0
35658,0
35659,1
35660,0
35661,0
35662,0
35663,0
35664,0
35665,1
35666,0
35667,0
35668,1
35669,0
35670,0
35671,1
35672,0
35673,0
35674,0
35675,0
35676,0
35677,1
35678,1
35679,0
35680,0
35681,0
35682,1
35683,0
35684,1
35685,0
35686,0
35687,0
35688,0
35689,0
35690,1
35691,0
35692,0
35693,0
35694,0
35695,0
35696,0
35697,0
35698,0
35699,0
35700,0
35701,0
35702,0
35703,0
35704,0
35705,0
35706,0
35707,0
35708,0
35709,1
35710,0
35711,0
35712,0
35713,0
35714,0
35715,0
35716,0
35717,0
35718,0
35719,0
35720,0
35721,1
35722,0
35723,0
35724,0
35725,0
35726,1
35727,0
35728,0
35729,1
35730,0
35731,0
35732,0
35733,0
35734,0
35735,0
35736,1
35737,0
35738,0
35739,1
35740,0
35741,1
35742,0
35743,0
35744,0
35745,0
35746,0
35747,0
35748,0
35749,0
35750,0
35751,1
35752,0
35753,1
35754,0
35755,0
35756,1
35757,0
35758,1
35759,0
35760,0
35761,1
35762,0
35763,0
35764,0
35765,0
35766,1
35767,0
35768,0
35769,0
35770,0
35771,0
35772,0
35773,0
35774,0
35775,0
35776,0
35777,0
35778,0
35779,0
35780,0
35781,0
35782,0
35783,1
35784,0
35785,0
35786,0
35787,0
35788,0
35789,0
35790,0
35791,0
35792,0
35793,0
35794,0
35795,1
35796,0
35797,0
35798,0
35799,1
35800,0
35801,0
35802,0
35803,1
35804,1
35805,0
35806,0
35807,0
35808,0
35809,0
35810,0
35811,0
35812,0
35813,0
35814,0
35815,1
35816,1
35817,0
35818,1
35819,0
35820,0
35821,0
35822,0
35823,0
35824,0
35825,0
35826,1
35827,1
35828,0
35829,0
35830,0
35831,0
35832,0
35833,0
35834,0
35835,1
35836,0
35837,0
35838,1
35839,0
35840,0
35841,0
35842,0
35843,0
35844,1
35845,0
35846,1
35847,0
35848,0
35849,0
35850,0
35851,0
35852,0
35853,0
35854,0
35855,0
35856,0
35857,0
35858,0
35859,0
35860,1
35861,1
35862,0
35863,0
35864,0
35865,0
35866,0
35867,0
35868,0
35869,0
35870,0
35871,1
35872,0
35873,1
35874,0
35875,0
35876,0
35877,1
35878,1
35879,0
35880,0
35881,0
35882,1
35883,1
35884,0
35885,0
35886,1
35887,0
35888,0
35889,0
35890,0
35891,0
35892,0
35893,0
35894,0
35895,0
35896,0
35897,1
35898,0
35899,0
35900,0
35901,0
35902,0
35903,0
35904,0
35905,0
35906,0
35907,0
35908,0
35909,0
35910,0
35911,0
35912,0
35913,0
35914,0
35915,0
35916,0
35917,0
35918,0
35919,0
35920,0
35921,1
35922,0
35923,0
35924,0
35925,0
35926,0
35927,0
35928,0
35929,0
35930,0
35931,0
35932,0
35933,1
35934,1
35935,0
35936,0
35937,0
35938,0
35939,0
35940,0
35941,0
35942,0
35943,0
35944,0
35945,0
35946,1
35947,1
35948,0
35949,0
35950,0
35951,0
35952,1
35953,0
35954,0
35955,1
35956,1
35957,0
35958,0
35959,0
35960,0
35961,1
35962,0
35963,0
35964,1
35965,1
35966,0
35967,0
35968,1
35969,1
35970,0
35971,0
35972,0
35973,0
35974,0
35975,0
35976,1
35977,0
35978,0
35979,0
35980,0
35981,0
35982,0
35983,0
35984,0
35985,0
35986,0
35987,0
35988,0
35989,0
35990,0
35991,0
35992,1
35993,0
35994,0
35995,0
35996,0
35997,0
35998,0
35999,1
36000,1
36001,1
36002,0
36003,0
36004,0
36005,0
36006,0
36007,0
36008,0
36009,1
36010,0
36011,0
36012,0
36013,0
36014,1
36015,0
36016,1
36017,0
36018,0
36019,1
36020,0
36021,0
36022,0
36023,0
36024,0
36025,0
36026,0
36027,0
36028,1
36029,0
36030,0
36031,0
36032,0
36033,0
36034,1
36035,0
36036,0
36037,0
36038,0
36039,1
36040,0
36041,0
36042,0
36043,0
36044,0
36045,1
36046,0
36047,0
36048,0
36049,0
36050,0
36051,1
36052,0
36053,0
36054,0
36055,0
36056,0
36057,0
36058,0
36059,0
36060,0
36061,0
36062,0
36063,1
36064,0
36065,0
36066,0
36067,0
36068,0
36069,0
36070,0
36071,0
36072,0
36073,0
36074,0
36075,0
36076,0
36077,1
36078,1
36079,0
36080,0
36081,0
36082,0
36083,0
36084,1
36085,0
36086,0
36087,0
36088,0
36089,0
36090,0
36091,0
36092,0
36093,0
36094,0
36095,0
36096,0
36097,0
36098,0
36099,1
36100,0
36101,0
36102,0
36103,0
36104,0
36105,0
36106,0
36107,0
36108,1
36109,0
36110,0
36111,0
36112,0
36113,0
36114,0
36115,0
36116,0
36117,0
36118,0
36119,1
36120,0
36121,0
36122,1
36123,0
36124,0
36125,1
36126,0
36127,0
36128,1
36129,1
36130,1
36131,0
36132,0
36133,0
36134,0
36135,0
36136,0
36137,0
36138,0
36139,1
36140,0
36141,0
36142,1
36143,1
36144,1
36145,0
36146,0
36147,0
36148,0
36149,0
36150,1
36151,1
36152,0
36153,1
36154,0
36155,0
36156,1
36157,0
36158,0
36159,1
36160,1
36161,1
36162,0
36163,0
36164,0
36165,0
36166,0
36167,0
36168,0
36169,0
36170,0
36171,0
36172,0
36173,0
36174,0
36175,1
36176,1
36177,0
36178,1
36179,0
36180,0
36181,0
36182,0
36183,0
36184,0
36185,1
36186,0
36187,0
36188,0
36189,0
36190,1
36191,0
36192,1
36193,1
36194,0
36195,0
36196,0
36197,0
36198,0
36199,0
36200,0
36201,1
36202,0
36203,0
36204,0
36205,0
36206,1
36207,0
36208,0
36209,0
36210,0
36211,0
36212,0
36213,0
36214,0
36215,0
36216,0
36217,0
36218,0
36219,0
36220,0
36221,0
36222,0
36223,0
36224,1
36225,0
36226,0
36227,0
36228,0
36229,0
36230,0
36231,1
36232,1
36233,0
36234,1
36235,1
36236,0
36237,0
36238,0
36239,0
36240,0
36241,0
36242,0
36243,0
36244,1
36245,0
36246,0
36247,0
36248,1
36249,0
36250,0
36251,0
36252,0
36253,0
36254,0
36255,0
36256,1
36257,0
36258,0
36259,0
36260,0
36261,0
36262,0
36263,0
36264,0
36265,0
36266,1
36267,0
36268,0
36269,0
36270,0
36271,0
36272,1
36273,0
36274,0
36275,0
36276,0
36277,0
36278,0
36279,0
36280,0
36281,0
36282,0
36283,0
36284,0
36285,0
36286,1
36287,1
36288,0
36289,0
36290,0
36291,0
36292,1
36293,0
36294,0
36295,0
36296,0
36297,0
36298,0
36299,0
36300,0
36301,0
36302,0
36303,0
36304,0
36305,0
36306,0
36307,0
36308,1
36309,1
36310,0
36311,0
36312,0
36313,0
36314,0
36315,0
36316,0
36317,0
36318,0
36319,0
36320,0
36321,0
36322,1
36323,0
36324,0
36325,0
36326,0
36327,0
36328,1
36329,0
36330,0
36331,0
36332,1
36333,1
36334,0
36335,0
36336,0
36337,1
36338,0
36339,1
36340,1
36341,1
36342,0
36343,0
36344,1
36345,1
36346,0
36347,1
36348,0
36349,0
36350,1
36351,0
36352,0
36353,1
36354,1
36355,0
36356,1
36357,0
36358,0
36359,0
36360,0
36361,0
36362,1
36363,0
36364,1
36365,1
36366,0
36367,0
36368,0
36369,1
36370,1
36371,0
36372,0
36373,1
36374,0
36375,0
36376,0
36377,0
36378,0
36379,0
36380,1
36381,1
36382,1
36383,1
36384,0
36385,0
36386,0
36387,0
36388,0
36389,0
36390,0
36391,0
36392,0
36393,0
36394,0
36395,0
36396,1
36397,0
36398,0
36399,1
36400,0
36401,0
36402,0
36403,0
36404,0
36405,0
36406,0
36407,0
36408,0
36409,0
36410,0
36411,0
36412,0
36413,0
36414,0
36415,0
36416,0
36417,1
36418,0
36419,1
36420,0
36421,0
36422,0
36423,0
36424,0
36425,0
36426,0
36427,0
36428,0
36429,1
36430,1
36431,0
36432,0
36433,0
36434,0
36435,0
36436,0
36437,0
36438,0
36439,0
36440,0
36441,1
36442,0
36443,1
36444,1
36445,0
36446,1
36447,0
36448,0
36449,0
36450,0
36451,0
36452,1
36453,0
36454,0
36455,0
36456,0
36457,0
36458,0
36459,0
36460,0
36461,0
36462,1
36463,1
36464,1
36465,0
36466,0
36467,0
36468,0
36469,0
36470,0
36471,0
36472,0
36473,1
36474,1
36475,1
36476,0
36477,1
36478,0
36479,1
36480,1
36481,0
36482,0
36483,0
36484,1
36485,0
36486,1
36487,0
36488,1
36489,0
36490,0
36491,1
36492,0
36493,0
36494,1
36495,1
36496,1
36497,0
36498,0
36499,0
36500,0
36501,1
36502,0
36503,0
36504,0
36505,0
36506,0
36507,0
36508,0
36509,0
36510,1
36511,0
36512,0
36513,0
36514,0
36515,0
36516,0
36517,0
36518,1
36519,0
36520,0
36521,1
36522,0
36523,0
36524,1
36525,0
36526,1
36527,0
36528,1
36529,1
36530,0
36531,0
36532,1
36533,0
36534,0
36535,0
36536,0
36537,0
36538,0
36539,0
36540,0
36541,0
36542,0
36543,0
36544,1
36545,1
36546,0
36547,0
36548,0
36549,0
36550,0
36551,0
36552,0
36553,0
36554,0
36555,1
36556,0
36557,0
36558,0
36559,1
36560,0
36561,0
36562,1
36563,0
36564,1
36565,1
36566,0
36567,0
36568,0
36569,0
36570,0
36571,0
36572,1
36573,0
36574,0
36575,0
36576,0
36577,0
36578,0
36579,0
36580,0
36581,0
36582,0
36583,0
36584,1
36585,0
36586,0
36587,0
36588,1
36589,0
36590,0
36591,1
36592,0
36593,0
36594,1
36595,1
36596,0
36597,0
36598,1
36599,1
36600,1
36601,0
36602,0
36603,0
36604,0
36605,0
36606,0
36607,0
36608,0
36609,0
36610,0
36611,0
36612,0
36613,0
36614,0
36615,1
36616,1
36617,1
36618,0
36619,1
36620,1
36621,0
36622,1
36623,0
36624,0
36625,0
36626,0
36627,0
36628,0
36629,0
36630,0
36631,0
36632,0
36633,0
36634,0
36635,1
36636,0
36637,0
36638,0
36639,0
36640,0
36641,0
36642,0
36643,0
36644,0
36645,0
36646,0
36647,0
36648,0
36649,1
36650,0
36651,0
36652,0
36653,0
36654,0
36655,0
36656,0
36657,0
36658,0
36659,0
36660,0
36661,0
36662,0
36663,0
36664,1
36665,0
36666,1
36667,0
36668,0
36669,0
36670,0
36671,0
36672,1
36673,1
36674,0
36675,1
36676,0
36677,0
36678,1
36679,0
36680,0
36681,0
36682,1
36683,1
36684,0
36685,0
36686,0
36687,0
36688,0
36689,0
36690,1
36691,1
36692,1
36693,0
36694,0
36695,1
36696,0
36697,0
36698,1
36699,0
36700,0
36701,1
36702,1
36703,0
36704,0
36705,0
36706,0
36707,0
36708,1
36709,0
36710,0
36711,1
36712,0
36713,0
36714,0
36715,0
36716,1
36717,0
36718,0
36719,1
36720,0
36721,0
36722,0
36723,0
36724,0
36725,0
36726,1
36727,0
36728,0
36729,0
36730,0
36731,0
36732,0
36733,1
36734,0
36735,0
36736,1
36737,0
36738,0
36739,0
36740,0
36741,0
36742,0
36743,0
36744,0
36745,0
36746,0
36747,0
36748,0
36749,1
36750,1
36751,0
36752,0
36753,1
36754,0
36755,0
36756,0
36757,0
36758,0
36759,0
36760,0
36761,0
36762,0
36763,0
36764,0
36765,0
36766,0
36767,0
36768,0
36769,0
36770,1
36771,1
36772,0
36773,0
36774,0
36775,0
36776,0
36777,0
36778,0
36779,0
36780,0
36781,0
36782,0
36783,0
36784,0
36785,0
36786,0
36787,0
36788,0
36789,1
36790,1
36791,0
36792,0
36793,0
36794,0
36795,0
36796,0
36797,0
36798,1
36799,0
36800,0
36801,1
36802,0
36803,1
36804,1
36805,0
36806,0
36807,1
36808,0
36809,0
36810,0
36811,1
36812,0
36813,1
36814,0
36815,0
36816,1
36817,1
36818,0
36819,0
36820,0
36821,0
36822,1
36823,0
36824,0
36825,0
36826,0
36827,0
36828,1
36829,1
36830,0
36831,0
36832,0
36833,0
36834,0
36835,0
36836,0
36837,0
36838,0
36839,0
36840,1
36841,0
36842,0
36843,0
36844,0
36845,0
36846,0
36847,1
36848,0
36849,0
36850,0
36851,0
36852,1
36853,0
36854,1
36855,0
36856,0
36857,1
36858,0
36859,0
36860,0
36861,0
36862,0
36863,0
36864,0
36865,1
36866,0
36867,0
36868,0
36869,1
36870,0
36871,0
36872,0
36873,0
36874,1
36875,0
36876,0
36877,0
36878,0
36879,1
36880,0
36881,0
36882,0
36883,0
36884,0
36885,1
36886,1
36887,0
36888,0
36889,0
36890,0
36891,1
36892,1
36893,0
36894,0
36895,0
36896,0
36897,0
36898,1
36899,0
36900,0
36901,0
36902,0
36903,1
36904,0
36905,0
36906,0
36907,0
36908,1
36909,0
36910,0
36911,1
36912,0
36913,0
36914,1
36915,0
36916,0
36917,1
36918,0
36919,1
36920,1
36921,0
36922,0
36923,0
36924,0
36925,0
36926,1
36927,0
36928,0
36929,1
36930,1
36931,1
36932,0
36933,0
36934,0
36935,0
36936,0
36937,0
36938,1
36939,0
36940,1
36941,0
36942,0
36943,0
36944,1
36945,0
36946,1
36947,0
36948,0
36949,0
36950,1
36951,0
36952,0
36953,0
36954,1
36955,1
36956,0
36957,0
36958,0
36959,0
36960,0
36961,0
36962,0
36963,0
36964,0
36965,0
36966,0
36967,0
36968,0
36969,0
36970,0
36971,0
36972,1
36973,1
36974,1
36975,0
36976,0
36977,0
36978,0
36979,0
36980,0
36981,0
36982,0
36983,1
36984,1
36985,0
36986,0
36987,0
36988,0
36989,0
36990,0
36991,0
36992,0
36993,1
36994,0
36995,0
36996,1
36997,0
36998,1
36999,1
37000,0
37001,0
37002,0
37003,1
37004,0
37005,0
37006,1
37007,0
37008,0
37009,0
37010,0
37011,0
37012,1
37013,0
37014,0
37015,0
37016,0
37017,0
37018,0
37019,1
37020,0
37021,0
37022,0
37023,0
37024,1
37025,0
37026,0
37027,1
37028,1
37029,0
37030,1
37031,0
37032,1
37033,0
37034,0
37035,0
37036,1
37037,0
37038,1
37039,0
37040,0
37041,0
37042,1
37043,0
37044,0
37045,0
37046,0
37047,0
37048,1
37049,0
37050,0
37051,0
37052,0
37053,0
37054,0
37055,0
37056,1
37057,0
37058,1
37059,1
37060,0
37061,0
37062,1
37063,0
37064,1
37065,0
37066,0
37067,0
37068,0
37069,0
37070,0
37071,1
37072,0
37073,0
37074,1
37075,0
37076,0
37077,0
37078,0
37079,1
37080,0
37081,0
37082,1
37083,0
37084,0
37085,0
37086,0
37087,0
37088,0
37089,1
37090,1
37091,0
37092,0
37093,0
37094,0
37095,0
37096,0
37097,0
37098,0
37099,0
37100,0
37101,0
37102,0
37103,0
37104,0
37105,0
37106,1
37107,0
37108,0
37109,0
37110,0
37111,0
37112,0
37113,0
37114,0
37115,0
37116,0
37117,0
37118,1
37119,0
37120,0
37121,0
37122,0
37123,0
37124,0
37125,0
37126,1
37127,0
37128,0
37129,0
37130,0
37131,1
37132,0
37133,0
37134,0
37135,0
37136,1
37137,0
37138,0
37139,0
37140,1
37141,0
37142,0
37143,0
37144,1
37145,1
37146,0
37147,0
37148,0
37149,0
37150,1
37151,0
37152,0
37153,0
37154,0
37155,1
37156,0
37157,0
37158,0
37159,0
37160,0
37161,0
37162,0
37163,1
37164,0
37165,0
37166,1
37167,0
37168,0
37169,1
37170,0
37171,1
37172,1
37173,0
37174,0
37175,1
37176,0
37177,0
37178,0
37179,1
37180,0
37181,0
37182,0
37183,0
37184,0
37185,1
37186,0
37187,0
37188,1
37189,0
37190,0
37191,0
37192,0
37193,1
37194,0
37195,0
37196,0
37197,0
37198,0
37199,1
37200,1
37201,0
37202,1
37203,0
37204,0
37205,1
37206,1
37207,0
37208,0
37209,0
37210,0
37211,1
37212,0
37213,0
37214,0
37215,0
37216,0
37217,0
37218,0
37219,0
37220,0
37221,0
37222,0
37223,0
37224,0
37225,0
37226,0
37227,0
37228,0
37229,0
37230,0
37231,1
37232,0
37233,0
37234,0
37235,0
37236,1
37237,0
37238,0
37239,0
37240,1
37241,0
37242,1
37243,0
37244,0
37245,0
37246,0
37247,0
37248,0
37249,0
37250,1
37251,0
37252,0
37253,0
37254,1
37255,1
37256,0
37257,0
37258,1
37259,0
37260,0
37261,0
37262,1
37263,0
37264,0
37265,0
37266,0
37267,1
37268,1
37269,1
37270,0
37271,0
37272,0
37273,0
37274,0
37275,0
37276,0
37277,0
37278,1
37279,1
37280,1
37281,0
37282,0
37283,0
37284,0
37285,0
37286,0
37287,1
37288,0
37289,0
37290,0
37291,0
37292,0
37293,0
37294,1
37295,0
37296,0
37297,0
37298,0
37299,0
37300,1
37301,0
37302,0
37303,0
37304,1
37305,1
37306,1
37307,1
37308,0
37309,0
37310,1
37311,0
37312,1
37313,0
37314,0
37315,0
37316,0
37317,1
37318,0
37319,1
37320,0
37321,0
37322,0
37323,0
37324,0
37325,0
37326,0
37327,0
37328,0
37329,0
37330,0
37331,0
37332,0
37333,0
37334,0
37335,0
37336,0
37337,1
37338,0
37339,1
37340,1
37341,0
37342,1
37343,0
37344,0
37345,0
37346,0
37347,0
37348,0
37349,0
37350,0
37351,0
37352,1
37353,1
37354,0
37355,0
37356,0
37357,0
37358,0
37359,0
37360,0
37361,1
37362,0
37363,0
37364,0
37365,0
37366,0
37367,0
37368,1
37369,0
37370,0
37371,0
37372,0
37373,0
37374,0
37375,1
37376,0
37377,1
37378,0
37379,0
37380,0
37381,0
37382,0
37383,0
37384,1
37385,0
37386,1
37387,0
37388,0
37389,0
37390,0
37391,1
37392,1
37393,0
37394,1
37395,0
37396,0
37397,0
37398,0
37399,1
37400,0
37401,0
37402,0
37403,1
37404,0
37405,0
37406,1
37407,0
37408,0
37409,0
37410,0
37411,0
37412,0
37413,0
37414,0
37415,0
37416,1
37417,0
37418,0
37419,0
37420,0
37421,0
37422,0
37423,1
37424,1
37425,0
37426,0
37427,0
37428,0
37429,0
37430,0
37431,1
37432,0
37433,1
37434,0
37435,0
37436,1
37437,0
37438,1
37439,0
37440,0
37441,0
37442,0
37443,0
37444,0
37445,0
37446,0
37447,1
37448,1
37449,0
37450,1
37451,0
37452,1
37453,0
37454,0
37455,0
37456,1
37457,0
37458,0
37459,0
37460,0
37461,1
37462,0
37463,0
37464,1
37465,0
37466,0
37467,0
37468,0
37469,0
37470,0
37471,0
37472,0
37473,1
37474,0
37475,0
37476,0
37477,0
37478,0
37479,0
37480,0
37481,0
37482,0
37483,0
37484,0
37485,0
37486,0
37487,0
37488,0
37489,0
37490,0
37491,0
37492,0
37493,0
37494,1
37495,0
37496,0
37497,0
37498,0
37499,0
37500,1
37501,0
37502,0
37503,0
37504,0
37505,0
37506,1
37507,0
37508,1
37509,0
37510,0
37511,1
37512,1
37513,0
37514,0
37515,0
37516,0
37517,0
37518,0
37519,0
37520,0
37521,1
37522,1
37523,0
37524,0
37525,1
37526,0
37527,0
37528,1
37529,0
37530,1
37531,0
37532,0
37533,0
37534,1
37535,1
37536,1
37537,0
37538,0
37539,0
37540,1
37541,0
37542,0
37543,1
37544,0
37545,0
37546,0
37547,0
37548,0
37549,0
37550,0
37551,0
37552,0
37553,1
37554,0
37555,1
37556,0
37557,0
37558,0
37559,0
37560,0
37561,0
37562,1
37563,1
37564,0
37565,0
37566,1
37567,1
37568,0
37569,1
37570,0
37571,0
37572,1
37573,0
37574,0
37575,0
37576,1
37577,0
37578,0
37579,1
37580,1
37581,1
37582,1
37583,0
37584,1
37585,1
37586,0
37587,1
37588,1
37589,0
37590,0
37591,0
37592,0
37593,0
37594,0
37595,1
37596,0
37597,0
37598,0
37599,0
37600,0
37601,0
37602,0
37603,1
37604,1
37605,0
37606,0
37607,1
37608,0
37609,1
37610,0
37611,0
37612,0
37613,0
37614,0
37615,0
37616,0
37617,0
37618,0
37619,0
37620,0
37621,0
37622,0
37623,0
37624,0
37625,0
37626,0
37627,0
37628,1
37629,0
37630,0
37631,1
37632,0
37633,0
37634,0
37635,0
37636,0
37637,1
37638,0
37639,1
37640,1
37641,0
37642,0
37643,0
37644,1
37645,0
37646,0
37647,0
37648,0
37649,0
37650,0
37651,0
37652,0
37653,0
37654,0
37655,0
37656,0
37657,0
37658,0
37659,0
37660,0
37661,0
37662,0
37663,0
37664,0
37665,1
37666,0
37667,0
37668,0
37669,0
37670,0
37671,0
37672,0
37673,0
37674,0
37675,1
37676,0
37677,1
37678,0
37679,0
37680,0
37681,1
37682,0
37683,0
37684,0
37685,1
37686,0
37687,1
37688,0
37689,0
37690,0
37691,1
37692,1
37693,0
37694,0
37695,0
37696,0
37697,0
37698,1
37699,0
37700,0
37701,0
37702,0
37703,0
37704,0
37705,1
37706,1
37707,0
37708,1
37709,0
37710,0
37711,1
37712,0
37713,1
37714,0
37715,0
37716,1
37717,0
37718,0
37719,0
37720,0
37721,0
37722,1
37723,0
37724,0
37725,1
37726,0
37727,0
37728,0
37729,1
37730,0
37731,1
37732,0
37733,0
37734,0
37735,0
37736,0
37737,0
37738,0
37739,1
37740,0
37741,0
37742,0
37743,0
37744,0
37745,0
37746,0
37747,0
37748,0
37749,0
37750,0
37751,1
37752,0
37753,0
37754,0
37755,1
37756,0
37757,0
37758,1
37759,0
37760,1
37761,0
37762,0
37763,0
37764,0
37765,0
37766,0
37767,0
37768,0
37769,0
37770,0
37771,0
37772,0
37773,0
37774,0
37775,0
37776,0
37777,1
37778,0
37779,1
37780,0
37781,0
37782,0
37783,0
37784,0
37785,0
37786,0
37787,0
37788,0
37789,0
37790,0
37791,0
37792,0
37793,0
37794,1
37795,1
37796,1
37797,0
37798,0
37799,0
37800,1
37801,0
37802,1
37803,0
37804,0
37805,0
37806,0
37807,0
37808,0
37809,0
37810,0
37811,0
37812,0
37813,1
37814,0
37815,0
37816,0
37817,0
37818,0
37819,1
37820,0
37821,0
37822,0
37823,0
37824,0
37825,0
37826,0
37827,0
37828,1
37829,1
37830,0
37831,1
37832,0
37833,0
37834,0
37835,1
37836,0
37837,1
37838,1
37839,1
37840,0
37841,1
37842,0
37843,0
37844,0
37845,0
37846,0
37847,0
37848,0
37849,0
37850,0
37851,1
37852,0
37853,0
37854,1
37855,0
37856,0
37857,1
37858,1
37859,0
37860,0
37861,1
37862,0
37863,0
37864,0
37865,0
37866,0
37867,0
37868,0
37869,0
37870,1
37871,0
37872,1
37873,0
37874,0
37875,1
37876,1
37877,1
37878,0
37879,0
37880,0
37881,0
37882,1
37883,0
37884,0
37885,0
37886,1
37887,0
37888,1
37889,1
37890,0
37891,0
37892,0
37893,0
37894,0
37895,0
37896,0
37897,0
37898,0
37899,0
37900,0
37901,0
37902,0
37903,0
37904,0
37905,0
37906,1
37907,1
37908,0
37909,0
37910,0
37911,0
37912,0
37913,1
37914,0
37915,0
37916,0
37917,1
37918,0
37919,0
37920,0
37921,0
37922,0
37923,0
37924,0
37925,0
37926,0
37927,1
37928,0
37929,1
37930,0
37931,0
37932,0
37933,0
37934,0
37935,0
37936,0
37937,0
37938,0
37939,0
37940,1
37941,0
37942,0
37943,0
37944,0
37945,0
37946,0
37947,1
37948,0
37949,0
37950,1
37951,1
37952,0
37953,1
37954,0
37955,0
37956,0
37957,0
37958,0
37959,0
37960,0
37961,0
37962,1
37963,0
37964,0
37965,0
37966,0
37967,0
37968,0
37969,0
37970,0
37971,0
37972,1
37973,0
37974,0
37975,0
37976,0
37977,0
37978,0
37979,1
37980,0
37981,0
37982,0
37983,0
37984,0
37985,0
37986,0
37987,0
37988,1
37989,0
37990,0
37991,0
37992,0
37993,0
37994,0
37995,0
37996,0
37997,0
37998,0
37999,1
38000,1
38001,1
38002,0
38003,0
38004,0
38005,0
38006,0
38007,1
38008,1
38009,0
38010,0
38011,0
38012,0
38013,0
38014,1
38015,0
38016,0
38017,0
38018,0
38019,0
38020,0
38021,0
38022,0
38023,0
38024,0
38025,0
38026,0
38027,0
38028,0
38029,0
38030,0
38031,0
38032,0
38033,0
38034,0
38035,0
38036,1
38037,0
38038,0
38039,0
38040,0
38041,1
38042,0
38043,0
38044,0
38045,0
38046,0
38047,0
38048,0
38049,1
38050,0
38051,0
38052,1
38053,0
38054,0
38055,0
38056,0
38057,0
38058,0
38059,1
38060,0
38061,0
38062,0
38063,0
38064,0
38065,1
38066,0
38067,1
38068,1
38069,0
38070,0
38071,0
38072,0
38073,0
38074,1
38075,0
38076,1
38077,0
38078,0
38079,0
38080,0
38081,0
38082,0
38083,1
38084,0
38085,0
38086,1
38087,0
38088,0
38089,0
38090,0
38091,0
38092,0
38093,0
38094,0
38095,0
38096,0
38097,0
38098,1
38099,0
38100,0
38101,0
38102,0
38103,0
38104,0
38105,0
38106,0
38107,0
38108,0
38109,0
38110,0
38111,1
38112,0
38113,0
38114,0
38115,0
38116,0
38117,0
38118,0
38119,0
38120,1
38121,0
38122,0
38123,0
38124,0
38125,0
38126,0
38127,0
38128,0
38129,0
38130,0
38131,1
38132,0
38133,1
38134,0
38135,1
38136,0
38137,0
38138,0
38139,0
38140,0
38141,0
38142,0
38143,0
38144,0
38145,0
38146,0
38147,0
38148,0
38149,0
38150,0
38151,0
38152,0
38153,0
38154,0
38155,0
38156,0
38157,0
38158,0
38159,0
38160,1
38161,0
38162,1
38163,1
38164,0
38165,1
38166,0
38167,1
38168,0
38169,0
38170,0
38171,0
38172,0
38173,0
38174,1
38175,0
38176,1
38177,0
38178,0
38179,0
38180,0
38181,0
38182,0
38183,0
38184,1
38185,0
38186,0
38187,1
38188,0
38189,0
38190,0
38191,1
38192,1
38193,0
38194,1
38195,0
38196,0
38197,0
38198,0
38199,0
38200,0
38201,0
38202,0
38203,0
38204,0
38205,0
38206,1
38207,0
38208,0
38209,0
38210,1
38211,0
38212,1
38213,0
38214,1
38215,0
38216,0
38217,0
38218,0
38219,0
38220,0
38221,0
38222,0
38223,0
38224,0
38225,0
38226,0
38227,0
38228,0
38229,0
38230,1
38231,1
38232,0
38233,0
38234,0
38235,0
38236,1
38237,0
38238,0
38239,1
38240,0
38241,0
38242,0
38243,0
38244,0
38245,0
38246,1
38247,1
38248,0
38249,0
38250,0
38251,0
38252,0
38253,0
38254,1
38255,0
38256,0
38257,0
38258,0
38259,0
38260,0
38261,0
38262,0
38263,0
38264,0
38265,0
38266,1
38267,0
38268,1
38269,1
38270,0
38271,0
38272,0
38273,0
38274,1
38275,0
38276,0
38277,0
38278,0
38279,0
38280,1
38281,1
38282,0
38283,0
38284,1
38285,0
38286,0
38287,0
38288,0
38289,0
38290,0
38291,0
38292,0
38293,0
38294,0
38295,0
38296,0
38297,0
38298,0
38299,0
38300,0
38301,0
38302,0
38303,0
38304,1
38305,0
38306,0
38307,0
38308,1
38309,0
38310,0
38311,0
38312,0
38313,0
38314,1
38315,0
38316,0
38317,0
38318,0
38319,1
38320,1
38321,1
38322,0
38323,0
38324,0
38325,0
38326,0
38327,0
38328,1
38329,0
38330,0
38331,0
38332,0
38333,1
38334,0
38335,0
38336,1
38337,0
38338,1
38339,0
38340,0
38341,0
38342,0
38343,0
38344,0
38345,0
38346,1
38347,0
38348,0
38349,0
38350,0
38351,0
38352,0
38353,1
38354,0
38355,0
38356,0
38357,0
38358,0
38359,0
38360,0
38361,0
38362,0
38363,0
38364,0
38365,1
38366,0
38367,0
38368,0
38369,0
38370,0
38371,0
38372,0
38373,1
38374,1
38375,0
38376,1
38377,1
38378,0
38379,0
38380,0
38381,0
38382,0
38383,0
38384,1
38385,0
38386,0
38387,1
38388,0
38389,0
38390,0
38391,0
38392,0
38393,1
38394,0
38395,0
38396,0
38397,0
38398,0
38399,0
38400,0
38401,0
38402,0
38403,0
38404,0
38405,0
38406,0
38407,0
38408,0
38409,0
38410,0
38411,0
38412,0
38413,0
38414,0
38415,0
38416,0
38417,1
38418,0
38419,0
38420,0
38421,0
38422,0
38423,0
38424,0
38425,0
38426,1
38427,0
38428,0
38429,1
38430,0
38431,0
38432,0
38433,0
38434,0
38435,0
38436,0
38437,1
38438,0
38439,0
38440,0
38441,0
38442,0
38443,1
38444,1
38445,0
38446,0
38447,1
38448,0
38449,0
38450,0
38451,0
38452,0
38453,0
38454,0
38455,0
38456,0
38457,0
38458,0
38459,0
38460,0
38461,0
38462,1
38463,1
38464,1
38465,1
38466,0
38467,0
38468,0
38469,0
38470,0
38471,1
38472,0
38473,0
38474,0
38475,0
38476,0
38477,0
38478,0
38479,1
38480,0
38481,0
38482,0
38483,0
38484,0
38485,0
38486,0
38487,0
38488,1
38489,0
38490,0
38491,0
38492,0
38493,0
38494,0
38495,0
38496,0
38497,0
38498,0
38499,0
38500,0
38501,0
38502,0
38503,0
38504,1
38505,0
38506,0
38507,0
38508,1
38509,0
38510,1
38511,1
38512,0
38513,0
38514,0
38515,0
38516,1
38517,1
38518,0
38519,0
38520,0
38521,0
38522,0
38523,0
38524,0
38525,0
38526,0
38527,0
38528,0
38529,0
38530,0
38531,0
38532,0
38533,1
38534,0
38535,0
38536,0
38537,0
38538,1
38539,0
38540,0
38541,0
38542,0
38543,1
38544,0
38545,0
38546,0
38547,0
38548,1
38549,0
38550,0
38551,1
38552,0
38553,0
38554,0
38555,0
38556,1
38557,0
38558,0
38559,0
38560,0
38561,0
38562,0
38563,0
38564,0
38565,1
38566,0
38567,0
38568,1
38569,1
38570,0
38571,0
38572,0
38573,0
38574,0
38575,0
38576,0
38577,1
38578,1
38579,0
38580,0
38581,0
38582,0
38583,1
38584,0
38585,0
38586,1
38587,1
38588,1
38589,0
38590,0
38591,0
38592,0
38593,0
38594,1
38595,0
38596,0
38597,0
38598,0
38599,0
38600,0
38601,0
38602,0
38603,0
38604,1
38605,0
38606,1
38607,1
38608,0
38609,0
38610,0
38611,0
38612,1
38613,0
38614,0
38615,0
38616,0
38617,0
38618,0
38619,0
38620,0
38621,0
38622,0
38623,0
38624,0
38625,0
38626,0
38627,0
38628,0
38629,0
38630,0
38631,0
38632,0
38633,0
38634,0
38635,1
38636,1
38637,0
38638,0
38639,0
38640,0
38641,0
38642,0
38643,0
38644,0
38645,0
38646,0
38647,0
38648,0
38649,0
38650,0
38651,0
38652,0
38653,0
38654,0
38655,0
38656,0
38657,0
38658,1
38659,0
38660,0
38661,0
38662,0
38663,0
38664,0
38665,0
38666,0
38667,0
38668,1
38669,1
38670,0
38671,0
38672,0
38673,0
38674,0
38675,1
38676,1
38677,0
38678,0
38679,0
38680,0
38681,0
38682,0
38683,1
38684,0
38685,0
38686,0
38687,0
38688,0
38689,0
38690,0
38691,0
38692,0
38693,0
38694,0
38695,1
38696,0
38697,0
38698,0
38699,1
38700,0
38701,0
38702,0
38703,0
38704,0
38705,0
38706,0
38707,1
38708,0
38709,0
38710,0
38711,0
38712,1
38713,0
38714,0
38715,0
38716,0
38717,0
38718,0
38719,0
38720,1
38721,0
38722,1
38723,1
38724,0
38725,0
38726,0
38727,0
38728,1
38729,0
38730,0
38731,0
38732,0
38733,0
38734,1
38735,0
38736,0
38737,0
38738,0
38739,1
38740,0
38741,0
38742,0
38743,0
38744,0
38745,0
38746,1
38747,1
38748,0
38749,0
38750,1
38751,0
38752,0
38753,0
38754,0
38755,1
38756,0
38757,1
38758,1
38759,0
38760,0
38761,1
38762,0
38763,0
38764,1
38765,1
38766,0
38767,0
38768,0
38769,0
38770,0
38771,0
38772,0
38773,1
38774,1
38775,1
38776,1
38777,1
38778,0
38779,0
38780,1
38781,0
38782,0
38783,0
38784,0
38785,0
38786,0
38787,0
38788,0
38789,0
38790,0
38791,0
38792,0
38793,1
38794,0
38795,1
38796,0
38797,1
38798,1
38799,0
38800,0
38801,0
38802,0
38803,0
38804,1
38805,0
38806,1
38807,0
38808,0
38809,0
38810,0
38811,0
38812,0
38813,0
38814,0
38815,0
38816,0
38817,0
38818,0
38819,0
38820,0
38821,0
38822,0
38823,0
38824,0
38825,0
38826,1
38827,0
38828,1
38829,0
38830,0
38831,0
38832,0
38833,0
38834,0
38835,0
38836,0
38837,0
38838,0
38839,0
38840,0
38841,0
38842,0
38843,1
38844,0
38845,0
38846,0
38847,0
38848,0
38849,0
38850,0
38851,0
38852,1
38853,0
38854,0
38855,0
38856,0
38857,0
38858,1
38859,0
38860,0
38861,0
38862,0
38863,0
38864,0
38865,0
38866,0
38867,0
38868,0
38869,0
38870,0
38871,0
38872,0
38873,1
38874,0
38875,1
38876,0
38877,0
38878,0
38879,0
38880,1
38881,0
38882,0
38883,0
38884,1
38885,0
38886,0
38887,0
38888,1
38889,0
38890,0
38891,0
38892,0
38893,1
38894,1
38895,0
38896,1
38897,0
38898,0
38899,0
38900,1
38901,0
38902,1
38903,0
38904,0
38905,0
38906,1
38907,0
38908,0
38909,0
38910,0
38911,0
38912,0
38913,0
38914,0
38915,1
38916,0
38917,0
38918,0
38919,0
38920,0
38921,0
38922,0
38923,0
38924,0
38925,1
38926,0
38927,0
38928,0
38929,0
38930,0
38931,0
38932,0
38933,0
38934,0
38935,0
38936,1
38937,0
38938,0
38939,0
38940,0
38941,0
38942,1
38943,0
38944,0
38945,0
38946,0
38947,0
38948,0
38949,0
38950,0
38951,0
38952,0
38953,0
38954,1
38955,0
38956,0
38957,0
38958,1
38959,0
38960,0
38961,0
38962,0
38963,0
38964,0
38965,0
38966,1
38967,0
38968,1
38969,1
38970,0
38971,1
38972,0
38973,1
38974,1
38975,0
38976,0
38977,0
38978,0
38979,0
38980,0
38981,0
38982,0
38983,0
38984,0
38985,0
38986,1
38987,0
38988,0
38989,0
38990,0
38991,0
38992,0
38993,0
38994,0
38995,0
38996,0
38997,0
38998,0
38999,0
39000,0
39001,1
39002,1
39003,0
39004,0
39005,0
39006,0
39007,0
39008,0
39009,0
39010,0
39011,0
39012,1
39013,0
39014,0
39015,0
39016,0
39017,0
39018,0
39019,0
39020,0
39021,0
39022,0
39023,1
39024,0
39025,0
39026,0
39027,0
39028,0
39029,1
39030,0
39031,0
39032,0
39033,0
39034,0
39035,0
39036,0
39037,0
39038,0
39039,0
39040,0
39041,0
39042,0
39043,1
39044,1
39045,0
39046,0
39047,0
39048,1
39049,0
39050,0
39051,0
39052,1
39053,0
39054,1
39055,0
39056,0
39057,0
39058,0
39059,0
39060,1
39061,1
39062,0
39063,0
39064,0
39065,0
39066,0
39067,1
39068,0
39069,0
39070,0
39071,0
39072,0
39073,0
39074,0
39075,0
39076,0
39077,1
39078,0
39079,0
39080,0
39081,0
39082,0
39083,0
39084,0
39085,0
39086,0
39087,0
39088,0
39089,1
39090,0
39091,1
39092,1
39093,0
39094,0
39095,0
39096,0
39097,0
39098,0
39099,0
39100,0
39101,0
39102,0
39103,1
39104,0
39105,0
39106,0
39107,0
39108,0
39109,0
39110,0
39111,0
39112,0
39113,0
39114,0
39115,0
39116,1
39117,0
39118,1
39119,0
39120,0
39121,0
39122,0
39123,1
39124,0
39125,0
39126,0
39127,0
39128,0
39129,0
39130,0
39131,1
39132,0
39133,0
39134,0
39135,0
39136,1
39137,0
39138,0
39139,0
39140,0
39141,0
39142,0
39143,0
39144,0
39145,0
39146,0
39147,1
39148,0
39149,0
39150,0
39151,0
39152,0
39153,0
39154,1
39155,0
39156,0
39157,0
39158,0
39159,0
39160,0
39161,0
39162,0
39163,0
39164,0
39165,0
39166,0
39167,0
39168,0
39169,0
39170,0
39171,0
39172,0
39173,0
39174,0
39175,0
39176,1
39177,0
39178,0
39179,0
39180,1
39181,0
39182,0
39183,0
39184,0
39185,0
39186,0
39187,0
39188,0
39189,0
39190,0
39191,0
39192,0
39193,0
39194,0
39195,0
39196,0
39197,0
39198,1
39199,0
39200,0
39201,0
39202,0
39203,0
39204,0
39205,1
39206,1
39207,0
39208,0
39209,0
39210,0
39211,0
39212,0
39213,0
39214,0
39215,1
39216,1
39217,1
39218,0
39219,1
39220,0
39221,1
39222,0
39223,0
39224,0
39225,0
39226,0
39227,1
39228,0
39229,0
39230,0
39231,0
39232,0
39233,0
39234,1
39235,0
39236,0
39237,1
39238,1
39239,0
39240,0
39241,0
39242,0
39243,0
39244,0
39245,1
39246,0
39247,0
39248,0
39249,0
39250,0
39251,1
39252,0
39253,0
39254,0
39255,0
39256,0
39257,0
39258,0
39259,0
39260,0
39261,0
39262,0
39263,1
39264,0
39265,0
39266,0
39267,1
39268,1
39269,0
39270,0
39271,0
39272,0
39273,0
39274,0
39275,0
39276,0
39277,0
39278,0
39279,0
39280,0
39281,0
39282,0
39283,1
39284,1
39285,0
39286,0
39287,0
39288,0
39289,0
39290,0
39291,0
39292,0
39293,1
39294,0
39295,0
39296,0
39297,0
39298,0
39299,0
39300,0
39301,1
39302,0
39303,0
39304,0
39305,0
39306,1
39307,0
39308,1
39309,0
39310,0
39311,0
39312,0
39313,0
39314,0
39315,0
39316,0
39317,0
39318,0
39319,0
39320,1
39321,0
39322,0
39323,0
39324,0
39325,0
39326,0
39327,0
39328,0
39329,0
39330,0
39331,0
39332,0
39333,0
39334,0
39335,0
39336,0
39337,1
39338,0
39339,0
39340,0
39341,1
39342,1
39343,1
39344,0
39345,1
39346,0
39347,1
39348,0
39349,0
39350,0
39351,0
39352,0
39353,1
39354,0
39355,0
39356,0
39357,0
39358,0
39359,0
39360,0
39361,0
39362,0
39363,0
39364,0
39365,0
39366,1
39367,1
39368,0
39369,0
39370,0
39371,0
39372,1
39373,0
39374,0
39375,0
39376,1
39377,0
39378,0
39379,1
39380,0
39381,0
39382,0
39383,0
39384,0
39385,0
39386,0
39387,0
39388,0
39389,1
39390,0
39391,0
39392,0
39393,1
39394,0
39395,0
39396,1
39397,0
39398,0
39399,0
39400,0
39401,0
39402,1
39403,0
39404,0
39405,0
39406,1
39407,0
39408,1
39409,0
39410,0
39411,0
39412,0
39413,1
39414,0
39415,0
39416,1
39417,0
39418,0
39419,0
39420,1
39421,0
39422,1
39423,0
39424,1
39425,1
39426,0
39427,0
39428,0
39429,0
39430,0
39431,0
39432,1
39433,0
39434,0
39435,0
39436,0
39437,0
39438,1
39439,0
39440,0
39441,0
39442,0
39443,0
39444,0
39445,0
39446,1
39447,1
39448,0
39449,0
39450,1
39451,0
39452,0
39453,0
39454,0
39455,0
39456,0
39457,0
39458,0
39459,1
39460,0
39461,0
39462,0
39463,0
39464,0
39465,0
39466,0
39467,0
39468,0
39469,1
39470,0
39471,1
39472,0
39473,0
39474,1
39475,1
39476,0
39477,1
39478,0
39479,0
39480,0
39481,0
39482,0
39483,0
39484,0
39485,0
39486,0
39487,0
39488,0
39489,0
39490,0
39491,0
39492,1
39493,0
39494,1
39495,0
39496,0
39497,1
39498,0
39499,0
39500,1
39501,0
39502,0
39503,0
39504,0
39505,0
39506,0
39507,0
39508,0
39509,1
39510,0
39511,0
39512,0
39513,0
39514,0
39515,0
39516,0
39517,0
39518,0
39519,0
39520,1
39521,0
39522,0
39523,0
39524,0
39525,0
39526,1
39527,0
39528,0
39529,0
39530,0
39531,0
39532,0
39533,0
39534,0
39535,0
39536,0
39537,0
39538,0
39539,0
39540,0
39541,0
39542,0
39543,0
39544,1
39545,0
39546,0
39547,0
39548,0
39549,0
39550,0
39551,0
39552,0
39553,1
39554,0
39555,0
39556,0
39557,1
39558,0
39559,0
39560,1
39561,0
39562,0
39563,0
39564,0
39565,0
39566,0
39567,0
39568,0
39569,1
39570,1
39571,0
39572,0
39573,1
39574,1
39575,0
39576,1
39577,0
39578,0
39579,0
39580,0
39581,0
39582,0
39583,0
39584,0
39585,1
39586,0
39587,0
39588,1
39589,0
39590,1
39591,0
39592,0
39593,0
39594,0
39595,0
39596,0
39597,0
39598,0
39599,0
39600,0
39601,0
39602,0
39603,0
39604,0
39605,0
39606,1
39607,0
39608,0
39609,1
39610,0
39611,0
39612,0
39613,0
39614,0
39615,0
39616,0
39617,1
39618,0
39619,0
39620,1
39621,0
39622,0
39623,0
39624,0
39625,0
39626,0
39627,0
39628,1
39629,1
39630,0
39631,0
39632,0
39633,0
39634,0
39635,0
39636,0
39637,0
39638,0
39639,0
39640,1
39641,0
39642,1
39643,0
39644,0
39645,0
39646,0
39647,1
39648,0
39649,1
39650,0
39651,0
39652,0
39653,0
39654,1
39655,0
39656,0
39657,0
39658,0
39659,0
39660,0
39661,0
39662,0
39663,0
39664,1
39665,0
39666,0
39667,0
39668,0
39669,0
39670,1
39671,1
39672,0
39673,0
39674,0
39675,0
39676,0
39677,0
39678,0
39679,0
39680,1
39681,0
39682,0
39683,0
39684,0
39685,0
39686,0
39687,0
39688,0
39689,0
39690,1
39691,0
39692,0
39693,0
39694,0
39695,0
39696,0
39697,1
39698,0
39699,0
39700,1
39701,0
39702,0
39703,0
39704,0
39705,0
39706,1
39707,1
39708,0
39709,0
39710,0
39711,0
39712,0
39713,0
39714,1
39715,0
39716,0
39717,1
39718,0
39719,0
39720,0
39721,0
39722,0
39723,0
39724,0
39725,0
39726,0
39727,1
39728,0
39729,0
39730,1
39731,1
39732,0
39733,1
39734,0
39735,0
39736,0
39737,0
39738,0
39739,0
39740,1
39741,0
39742,0
39743,1
39744,0
39745,0
39746,0
39747,0
39748,1
39749,0
39750,0
39751,0
39752,0
39753,1
39754,0
39755,0
39756,0
39757,0
39758,0
39759,1
39760,1
39761,1
39762,0
39763,0
39764,0
39765,0
39766,0
39767,1
39768,1
39769,0
39770,0
39771,1
39772,1
39773,0
39774,0
39775,0
39776,0
39777,0
39778,0
39779,0
39780,0
39781,0
39782,0
39783,0
39784,0
39785,0
39786,0
39787,0
39788,0
39789,0
39790,0
39791,0
39792,0
39793,0
39794,0
39795,1
39796,0
39797,0
39798,0
39799,0
39800,0
39801,0
39802,0
39803,0
39804,0
39805,0
39806,0
39807,0
39808,0
39809,1
39810,0
39811,0
39812,0
39813,0
39814,0
39815,0
39816,0
39817,0
39818,0
39819,1
39820,0
39821,0
39822,0
39823,0
39824,0
39825,0
39826,0
39827,0
39828,1
39829,1
39830,0
39831,0
39832,0
39833,0
39834,0
39835,0
39836,0
39837,1
39838,0
39839,1
39840,0
39841,0
39842,0
39843,0
39844,0
39845,0
39846,0
39847,0
39848,0
39849,1
39850,0
39851,0
39852,0
39853,0
39854,0
39855,0
39856,0
39857,0
39858,0
39859,1
39860,0
39861,0
39862,1
39863,0
39864,0
39865,0
39866,0
39867,0
39868,0
39869,1
39870,0
39871,0
39872,1
39873,0
39874,0
39875,0
39876,0
39877,0
39878,0
39879,0
39880,0
39881,0
39882,0
39883,0
39884,0
39885,0
39886,0
39887,0
39888,0
39889,0
39890,0
39891,0
39892,0
39893,0
39894,0
39895,0
39896,0
39897,0
39898,0
39899,0
39900,0
39901,0
39902,0
39903,0
39904,0
39905,0
39906,0
39907,0
39908,0
39909,0
39910,1
39911,1
39912,0
39913,0
39914,0
39915,0
39916,0
39917,0
39918,0
39919,0
39920,1
39921,1
39922,0
39923,0
39924,0
39925,0
39926,0
39927,0
39928,0
39929,0
39930,0
39931,1
39932,0
39933,0
39934,0
39935,0
39936,1
39937,0
39938,0
39939,0
39940,1
39941,1
39942,0
39943,0
39944,0
39945,0
39946,0
39947,0
39948,0
39949,0
39950,0
39951,0
39952,0
39953,1
39954,0
39955,0
39956,0
39957,0
39958,0
39959,0
39960,1
39961,0
39962,0
39963,0
39964,1
39965,0
39966,0
39967,0
39968,1
39969,1
39970,1
39971,0
39972,1
39973,0
39974,1
39975,0
39976,0
39977,0
39978,0
39979,0
39980,0
39981,1
39982,0
39983,0
39984,0
39985,0
39986,0
39987,1
39988,1
39989,0
39990,0
39991,0
39992,0
39993,0
39994,0
39995,0
39996,1
39997,0
39998,0
39999,0
40000,0
40001,0
40002,0
40003,0
40004,1
40005,0
40006,0
40007,1
40008,0
40009,1
40010,0
40011,0
40012,0
40013,0
40014,0
40015,0
40016,0
40017,0
40018,0
40019,1
40020,0
40021,0
40022,0
40023,0
40024,0
40025,0
40026,0
40027,0
40028,0
40029,0
40030,0
40031,1
40032,0
40033,0
40034,0
40035,0
40036,0
40037,1
40038,1
40039,0
40040,0
40041,0
40042,0
40043,0
40044,0
40045,0
40046,0
40047,0
40048,0
40049,1
40050,1
40051,0
40052,1
40053,0
40054,0
40055,0
40056,0
40057,0
40058,0
40059,0
40060,0
40061,1
40062,0
40063,0
40064,0
40065,0
40066,0
40067,1
40068,0
40069,0
40070,0
40071,0
40072,0
40073,0
40074,0
40075,0
40076,1
40077,0
40078,0
40079,1
40080,0
40081,0
40082,0
40083,1
40084,1
40085,0
40086,0
40087,0
40088,0
40089,0
40090,0
40091,0
40092,0
40093,1
40094,0
40095,1
40096,0
40097,0
40098,0
40099,0
40100,0
40101,0
40102,0
40103,0
40104,0
40105,0
40106,0
40107,1
40108,0
40109,1
40110,1
40111,1
40112,0
40113,0
40114,0
40115,0
40116,0
40117,0
40118,0
40119,1
40120,0
40121,0
40122,0
40123,0
40124,0
40125,0
40126,0
40127,0
40128,0
40129,0
40130,1
40131,1
40132,0
40133,1
40134,1
40135,0
40136,1
40137,1
40138,0
40139,0
40140,1
40141,0
40142,0
40143,0
40144,0
40145,0
40146,1
40147,0
40148,1
40149,0
40150,0
40151,1
40152,0
40153,1
40154,0
40155,1
40156,0
40157,0
40158,1
40159,1
40160,0
40161,1
40162,0
40163,0
40164,0
40165,0
40166,0
40167,0
40168,0
40169,0
40170,0
40171,0
40172,0
40173,0
40174,0
40175,1
40176,0
40177,0
40178,0
40179,1
40180,0
40181,1
40182,1
40183,0
40184,1
40185,0
40186,0
40187,0
40188,0
40189,0
40190,0
40191,1
40192,0
40193,1
40194,0
40195,0
40196,0
40197,0
40198,0
40199,1
40200,1
40201,1
40202,0
40203,0
40204,0
40205,0
40206,0
40207,0
40208,0
40209,0
40210,0
40211,0
40212,0
40213,0
40214,0
40215,1
40216,0
40217,0
40218,0
40219,0
40220,0
40221,0
40222,0
40223,0
40224,0
40225,0
40226,0
40227,0
40228,0
40229,0
40230,0
40231,1
40232,0
40233,0
40234,0
40235,0
40236,0
40237,0
40238,1
40239,0
40240,0
40241,0
40242,0
40243,0
40244,0
40245,0
40246,1
40247,0
40248,1
40249,0
40250,0
40251,0
40252,0
40253,1
40254,0
40255,0
40256,0
40257,0
40258,1
40259,0
40260,0
40261,0
40262,1
40263,0
40264,1
40265,1
40266,0
40267,1
40268,0
40269,0
40270,0
40271,0
40272,0
40273,0
40274,0
40275,0
40276,0
40277,0
40278,1
40279,1
40280,0
40281,0
40282,1
40283,0
40284,0
40285,0
40286,0
40287,0
40288,0
40289,0
40290,1
40291,0
40292,0
40293,0
40294,0
40295,0
40296,1
40297,1
40298,0
40299,0
40300,0
40301,0
40302,0
40303,0
40304,0
40305,1
40306,0
40307,1
40308,0
40309,0
40310,0
40311,1
40312,0
40313,1
40314,0
40315,0
40316,0
40317,0
40318,0
40319,0
40320,0
40321,0
40322,1
40323,0
40324,0
40325,0
40326,1
40327,0
40328,1
40329,0
40330,0
40331,0
40332,0
40333,0
40334,1
40335,0
40336,0
40337,0
40338,0
40339,0
40340,1
40341,1
40342,0
40343,0
40344,0
40345,0
40346,1
40347,0
40348,0
40349,0
40350,1
40351,0
40352,0
40353,0
40354,1
40355,1
40356,0
40357,0
40358,0
40359,0
40360,0
40361,0
40362,1
40363,0
40364,0
40365,0
40366,0
40367,0
40368,0
40369,0
40370,0
40371,0
40372,0
40373,0
40374,0
40375,0
40376,0
40377,1
40378,0
40379,0
40380,1
40381,0
40382,0
40383,0
40384,0
40385,0
40386,0
40387,1
40388,0
40389,1
40390,0
40391,0
40392,0
40393,0
40394,0
40395,0
40396,0
40397,0
40398,0
40399,0
40400,0
40401,0
40402,0
40403,0
40404,0
40405,0
40406,0
40407,1
40408,0
40409,0
40410,0
40411,0
40412,1
40413,0
40414,1
40415,0
40416,0
40417,0
40418,0
40419,0
40420,0
40421,0
40422,0
40423,0
40424,0
40425,0
40426,0
40427,0
40428,0
40429,0
40430,0
40431,0
40432,0
40433,0
40434,0
40435,1
40436,0
40437,0
40438,0
40439,0
40440,0
40441,1
40442,0
40443,1
40444,0
40445,1
40446,0
40447,0
40448,0
40449,1
40450,0
40451,0
40452,1
40453,1
40454,0
40455,0
40456,0
40457,1
40458,0
40459,1
40460,1
40461,0
40462,1
40463,1
40464,0
40465,1
40466,0
40467,1
40468,0
40469,0
40470,0
40471,1
40472,0
40473,0
40474,0
40475,0
40476,0
40477,0
40478,1
40479,0
40480,0
40481,0
40482,0
40483,1
40484,0
40485,0
40486,1
40487,0
40488,0
40489,0
40490,1
40491,0
40492,0
40493,0
40494,0
40495,0
40496,0
40497,0
40498,0
40499,1
40500,0
40501,0
40502,0
40503,0
40504,0
40505,0
40506,0
40507,1
40508,0
40509,0
40510,1
40511,0
40512,1
40513,0
40514,0
40515,1
40516,0
40517,1
40518,0
40519,0
40520,0
40521,0
40522,0
40523,0
40524,1
40525,0
40526,0
40527,1
40528,0
40529,0
40530,0
40531,0
40532,0
40533,0
40534,1
40535,0
40536,0
40537,0
40538,1
40539,1
40540,0
40541,0
40542,0
40543,1
40544,0
40545,0
40546,0
40547,0
40548,0
40549,0
40550,1
40551,0
40552,0
40553,0
40554,0
40555,1
40556,0
40557,0
40558,0
40559,0
40560,0
40561,0
40562,0
40563,0
40564,0
40565,1
40566,0
40567,0
40568,0
40569,0
40570,1
40571,1
40572,0
40573,0
40574,0
40575,0
40576,1
40577,1
40578,0
40579,0
40580,0
40581,0
40582,0
40583,0
40584,0
40585,1
40586,0
40587,0
40588,0
40589,0
40590,1
40591,0
40592,0
40593,0
40594,0
40595,1
40596,0
40597,0
40598,0
40599,0
40600,0
40601,1
40602,0
40603,0
40604,0
40605,0
40606,0
40607,0
40608,0
40609,0
40610,0
40611,1
40612,1
40613,0
40614,0
40615,0
40616,0
40617,0
40618,1
40619,0
40620,0
40621,0
40622,0
40623,0
40624,1
40625,1
40626,1
40627,0
40628,0
40629,0
40630,0
40631,1
40632,0
40633,0
40634,1
40635,0
40636,0
40637,0
40638,0
40639,0
40640,0
40641,0
40642,1
40643,0
40644,0
40645,0
40646,0
40647,0
40648,0
40649,0
40650,0
40651,0
40652,0
40653,0
40654,1
40655,0
40656,0
40657,0
40658,0
40659,1
40660,1
40661,0
40662,0
40663,0
40664,0
40665,1
40666,0
40667,0
40668,0
40669,0
40670,0
40671,0
40672,1
40673,0
40674,0
40675,0
40676,1
40677,1
40678,1
40679,1
40680,1
40681,0
40682,1
40683,0
40684,0
40685,1
40686,0
40687,0
40688,0
40689,0
40690,0
40691,0
40692,0
40693,1
40694,0
40695,0
40696,1
40697,1
40698,1
40699,1
40700,0
40701,0
40702,1
40703,0
40704,0
40705,1
40706,0
40707,0
40708,0
40709,1
40710,0
40711,0
40712,1
40713,0
40714,0
40715,0
40716,1
40717,0
40718,0
40719,1
40720,0
40721,0
40722,1
40723,0
40724,0
40725,0
40726,1
40727,0
40728,1
40729,0
40730,0
40731,0
40732,0
40733,0
40734,0
40735,0
40736,0
40737,0
40738,0
40739,0
40740,0
40741,0
40742,0
40743,0
40744,0
40745,1
40746,1
40747,0
40748,1
40749,0
40750,0
40751,0
40752,0
40753,1
40754,1
40755,0
40756,1
40757,0
40758,0
40759,0
40760,1
40761,1
40762,0
40763,0
40764,0
40765,0
40766,1
40767,0
40768,0
40769,0
40770,0
40771,0
40772,0
40773,0
40774,1
40775,0
40776,0
40777,1
40778,0
40779,0
40780,0
40781,0
40782,1
40783,0
40784,0
40785,0
40786,0
40787,0
40788,0
40789,0
40790,0
40791,1
40792,0
40793,0
40794,0
40795,0
40796,0
40797,0
40798,0
40799,0
40800,1
40801,1
40802,0
40803,0
40804,1
40805,0
40806,1
40807,1
40808,0
40809,0
40810,0
40811,1
40812,0
40813,0
40814,1
40815,0
40816,0
40817,0
40818,0
40819,1
40820,0
40821,0
40822,0
40823,1
40824,0
40825,0
40826,1
40827,0
40828,1
40829,0
40830,1
40831,0
40832,0
40833,0
40834,0
40835,1
40836,1
40837,0
40838,0
40839,0
40840,1
40841,0
40842,0
40843,1
40844,1
40845,0
40846,1
40847,0
40848,1
40849,1
40850,0
40851,0
40852,0
40853,0
40854,1
40855,0
40856,1
40857,1
40858,1
40859,0
40860,0
40861,0
40862,0
40863,0
40864,0
40865,0
40866,0
40867,1
40868,0
40869,0
40870,0
40871,1
40872,0
40873,0
40874,0
40875,0
40876,0
40877,1
40878,0
40879,0
40880,0
40881,0
40882,0
40883,0
40884,0
40885,0
40886,1
40887,1
40888,0
40889,0
40890,1
40891,0
40892,0
40893,0
40894,0
40895,0
40896,0
40897,0
40898,0
40899,0
40900,0
40901,0
40902,0
40903,1
40904,0
40905,0
40906,0
40907,1
40908,1
40909,0
40910,0
40911,1
40912,1
40913,0
40914,0
40915,0
40916,0
40917,0
40918,1
40919,0
40920,0
40921,0
40922,0
40923,0
40924,0
40925,1
40926,0
40927,0
40928,0
40929,0
40930,0
40931,0
40932,0
40933,1
40934,0
40935,0
40936,0
40937,1
40938,0
40939,0
40940,0
40941,1
40942,0
40943,0
40944,0
40945,0
40946,0
40947,0
40948,0
40949,0
40950,1
40951,0
40952,0
40953,1
40954,0
40955,1
40956,0
40957,0
40958,0
40959,0
40960,0
40961,0
40962,0
40963,1
40964,0
40965,0
40966,1
40967,0
40968,1
40969,0
40970,0
40971,0
40972,0
40973,0
40974,1
40975,0
40976,0
40977,0
40978,1
40979,0
40980,0
40981,0
40982,0
40983,0
40984,0
40985,0
40986,0
40987,0
40988,0
40989,1
40990,1
40991,0
40992,0
40993,0
40994,0
40995,0
40996,0
40997,1
40998,0
40999,0
41000,0
41001,0
41002,1
41003,0
41004,0
41005,1
41006,0
41007,1
41008,0
41009,0
41010,1
41011,1
41012,0
41013,1
41014,0
41015,1
41016,0
41017,1
41018,1
41019,0
41020,0
41021,0
41022,0
41023,0
41024,0
41025,0
41026,0
41027,0
41028,0
41029,0
41030,0
41031,0
41032,0
41033,0
41034,0
41035,1
41036,0
41037,0
41038,0
41039,0
41040,1
41041,0
41042,0
41043,1
41044,0
41045,0
41046,0
41047,0
41048,0
41049,0
41050,0
41051,0
41052,0
41053,0
41054,0
41055,0
41056,0
41057,0
41058,1
41059,0
41060,0
41061,0
41062,0
41063,1
41064,1
41065,0
41066,0
41067,0
41068,0
41069,0
41070,0
41071,0
41072,0
41073,0
41074,0
41075,0
41076,0
41077,1
41078,0
41079,0
41080,0
41081,1
41082,1
41083,0
41084,0
41085,0
41086,0
41087,0
41088,0
41089,1
41090,0
41091,0
41092,0
41093,0
41094,0
41095,0
41096,0
41097,1
41098,0
41099,1
41100,0
41101,0
41102,0
41103,0
41104,0
41105,0
41106,0
41107,0
41108,0
41109,0
41110,0
41111,1
41112,0
41113,1
41114,0
41115,0
41116,0
41117,0
41118,0
41119,0
41120,0
41121,0
41122,1
41123,0
41124,1
41125,0
41126,0
41127,0
41128,0
41129,0
41130,1
41131,0
41132,0
41133,0
41134,0
41135,0
41136,1
41137,1
41138,0
41139,0
41140,0
41141,0
41142,0
41143,0
41144,1
41145,1
41146,0
41147,0
41148,0
41149,0
41150,0
41151,1
41152,0
41153,1
41154,0
41155,0
41156,1
41157,0
41158,1
41159,0
41160,0
41161,0
41162,0
41163,0
41164,0
41165,0
41166,0
41167,0
41168,0
41169,0
41170,1
41171,0
41172,0
41173,0
41174,0
41175,1
41176,0
41177,1
41178,1
41179,0
41180,1
41181,0
41182,0
41183,0
41184,0
41185,0
41186,0
41187,0
41188,0
41189,0
41190,0
41191,0
41192,0
41193,0
41194,0
41195,0
41196,0
41197,0
41198,1
41199,0
41200,0
41201,0
41202,0
41203,0
41204,0
41205,0
41206,0
41207,0
41208,0
41209,1
41210,0
41211,0
41212,1
41213,0
41214,0
41215,0
41216,0
41217,0
41218,0
41219,0
41220,1
41221,0
41222,1
41223,0
41224,0
41225,0
41226,0
41227,0
41228,1
41229,0
41230,1
41231,0
41232,0
41233,0
41234,0
41235,1
41236,0
41237,0
41238,1
41239,1
41240,0
41241,0
41242,0
41243,0
41244,0
41245,0
41246,0
41247,0
41248,0
41249,0
41250,1
41251,0
41252,0
41253,0
41254,0
41255,1
41256,0
41257,0
41258,0
41259,1
41260,0
41261,0
41262,0
41263,0
41264,0
41265,0
41266,0
41267,0
41268,0
41269,1
41270,0
41271,0
41272,1
41273,1
41274,1
41275,0
41276,0
41277,0
41278,1
41279,0
41280,1
41281,0
41282,0
41283,0
41284,1
41285,1
41286,0
41287,0
41288,0
41289,0
41290,0
41291,0
41292,0
41293,0
41294,0
41295,0
41296,1
41297,0
41298,0
41299,0
41300,1
41301,0
41302,1
41303,1
41304,0
41305,0
41306,0
41307,0
41308,0
41309,0
41310,0
41311,0
41312,0
41313,1
41314,0
41315,1
41316,0
41317,0
41318,0
41319,0
41320,0
41321,0
41322,0
41323,1
41324,0
41325,0
41326,0
41327,0
41328,0
41329,0
41330,0
41331,0
41332,0
41333,0
41334,0
41335,1
41336,0
41337,0
41338,0
41339,0
41340,0
41341,0
41342,1
41343,0
41344,0
41345,0
41346,0
41347,0
41348,0
41349,0
41350,0
41351,0
41352,0
41353,0
41354,1
41355,0
41356,1
41357,0
41358,0
41359,0
41360,0
41361,0
41362,0
41363,0
41364,0
41365,0
41366,0
41367,1
41368,0
41369,1
41370,1
41371,0
41372,0
41373,1
41374,1
41375,1
41376,0
41377,0
41378,0
41379,0
41380,0
41381,1
41382,0
41383,0
41384,0
41385,0
41386,0
41387,0
41388,1
41389,0
41390,1
41391,0
41392,0
41393,0
41394,0
41395,0
41396,0
41397,0
41398,0
41399,0
41400,0
41401,0
41402,0
41403,0
41404,0
41405,1
41406,0
41407,0
41408,1
41409,1
41410,0
41411,1
41412,0
41413,0
41414,0
41415,0
41416,0
41417,0
41418,1
41419,1
41420,1
41421,0
41422,0
41423,0
41424,0
41425,0
41426,0
41427,0
41428,1
41429,0
41430,0
41431,0
41432,0
41433,0
41434,0
41435,1
41436,0
41437,0
41438,0
41439,0
41440,0
41441,0
41442,0
41443,0
41444,0
41445,0
41446,0
41447,1
41448,0
41449,1
41450,0
41451,0
41452,0
41453,1
41454,0
41455,0
41456,0
41457,0
41458,0
41459,0
41460,1
41461,1
41462,0
41463,1
41464,0
41465,1
41466,0
41467,0
41468,1
41469,0
41470,0
41471,0
41472,0
41473,0
41474,0
41475,1
41476,0
41477,0
41478,0
41479,1
41480,1
41481,0
41482,1
41483,0
41484,1
41485,0
41486,0
41487,0
41488,0
41489,0
41490,0
41491,0
41492,0
41493,1
41494,1
41495,0
41496,0
41497,0
41498,0
41499,0
41500,1
41501,0
41502,0
41503,0
41504,1
41505,0
41506,0
41507,1
41508,1
41509,0
41510,0
41511,0
41512,0
41513,0
41514,0
41515,0
41516,0
41517,0
41518,0
41519,0
41520,0
41521,0
41522,0
41523,0
41524,1
41525,0
41526,0
41527,0
41528,1
41529,0
41530,0
41531,0
41532,0
41533,0
41534,1
41535,1
41536,0
41537,0
41538,0
41539,0
41540,1
41541,0
41542,0
41543,1
41544,0
41545,1
41546,0
41547,0
41548,0
41549,0
41550,0
41551,0
41552,0
41553,0
41554,0
41555,1
41556,0
41557,1
41558,0
41559,0
41560,0
41561,1
41562,0
41563,0
41564,0
41565,1
41566,0
41567,1
41568,0
41569,0
41570,0
41571,1
41572,1
41573,0
41574,0
41575,0
41576,0
41577,0
41578,0
41579,0
41580,0
41581,0
41582,0
41583,0
41584,0
41585,1
41586,1
41587,1
41588,0
41589,0
41590,0
41591,0
41592,1
41593,0
41594,1
41595,0
41596,0
41597,0
41598,0
41599,0
41600,1
41601,0
41602,1
41603,0
41604,0
41605,1
41606,0
41607,1
41608,0
41609,0
41610,0
41611,0
41612,0
41613,0
41614,0
41615,0
41616,0
41617,1
41618,0
41619,1
41620,0
41621,1
41622,0
41623,0
41624,0
41625,1
41626,0
41627,1
41628,1
41629,0
41630,0
41631,0
41632,1
41633,1
41634,0
41635,0
41636,0
41637,1
41638,0
41639,0
41640,0
41641,0
41642,0
41643,0
41644,1
41645,1
41646,0
41647,0
41648,0
41649,0
41650,0
41651,0
41652,0
41653,0
41654,0
41655,0
41656,0
41657,0
41658,0
41659,0
41660,1
41661,0
41662,0
41663,1
41664,0
41665,0
41666,0
41667,0
41668,0
41669,0
41670,0
41671,0
41672,0
41673,0
41674,0
41675,1
41676,0
41677,0
41678,0
41679,0
41680,0
41681,1
41682,1
41683,0
41684,0
41685,1
41686,1
41687,0
41688,0
41689,1
41690,0
41691,0
41692,0
41693,1
41694,0
41695,0
41696,1
41697,0
41698,0
41699,1
41700,0
41701,0
41702,1
41703,0
41704,1
41705,0
41706,1
41707,0
41708,0
41709,0
41710,0
41711,0
41712,0
41713,0
41714,0
41715,0
41716,0
41717,0
41718,1
41719,0
41720,0
41721,1
41722,0
41723,1
41724,0
41725,0
41726,0
41727,1
41728,0
41729,0
41730,0
41731,0
41732,0
41733,0
41734,0
41735,0
41736,0
41737,0
41738,1
41739,1
41740,0
41741,0
41742,0
41743,0
41744,0
41745,0
41746,0
41747,1
41748,0
41749,1
41750,0
41751,0
41752,0
41753,0
41754,1
41755,1
41756,1
41757,0
41758,0
41759,0
41760,0
41761,0
41762,1
41763,0
41764,1
41765,0
41766,1
41767,0
41768,0
41769,0
41770,0
41771,0
41772,0
41773,0
41774,0
41775,0
41776,0
41777,0
41778,0
41779,0
41780,0
41781,1
41782,0
41783,0
41784,0
41785,0
41786,1
41787,0
41788,0
41789,1
41790,0
41791,1
41792,0
41793,0
41794,1
41795,1
41796,0
41797,0
41798,1
41799,0
41800,1
41801,0
41802,0
41803,0
41804,0
41805,0
41806,0
41807,0
41808,0
41809,0
41810,0
41811,0
41812,1
41813,0
41814,0
41815,0
41816,0
41817,0
41818,0
41819,1
41820,1
41821,0
41822,0
41823,0
41824,0
41825,0
41826,0
41827,0
41828,0
41829,1
41830,1
41831,0
41832,0
41833,0
41834,0
41835,0
41836,0
41837,0
41838,0
41839,0
41840,0
41841,1
41842,0
41843,0
41844,0
41845,0
41846,0
41847,0
41848,1
41849,0
41850,0
41851,1
41852,0
41853,0
41854,0
41855,0
41856,0
41857,1
41858,0
41859,0
41860,1
41861,0
41862,1
41863,1
41864,0
41865,0
41866,0
41867,0
41868,1
41869,0
41870,0
41871,0
41872,1
41873,0
41874,0
41875,0
41876,0
41877,0
41878,0
41879,0
41880,1
41881,1
41882,0
41883,1
41884,0
41885,0
41886,0
41887,0
41888,0
41889,1
41890,0
41891,1
41892,0
41893,1
41894,0
41895,0
41896,0
41897,0
41898,0
41899,1
41900,0
41901,0
41902,0
41903,0
41904,0
41905,0
41906,0
41907,0
41908,0
41909,0
41910,0
41911,1
41912,0
41913,0
41914,0
41915,0
41916,0
41917,0
41918,0
41919,0
41920,0
41921,0
41922,0
41923,0
41924,0
41925,0
41926,0
41927,0
41928,0
41929,0
41930,0
41931,0
41932,0
41933,1
41934,0
41935,0
41936,1
41937,1
41938,0
41939,0
41940,0
41941,0
41942,0
41943,1
41944,0
41945,0
41946,0
41947,0
41948,0
41949,0
41950,1
41951,1
41952,0
41953,0
41954,1
41955,0
41956,1
41957,0
41958,0
41959,0
41960,1
41961,0
41962,0
41963,1
41964,0
41965,1
41966,0
41967,1
41968,0
41969,0
41970,0
41971,1
41972,0
41973,0
41974,0
41975,0
41976,0
41977,0
41978,0
41979,0
41980,0
41981,0
41982,0
41983,0
41984,0
41985,0
41986,0
41987,1
41988,0
41989,1
41990,0
41991,1
41992,1
41993,0
41994,0
41995,0
41996,0
41997,0
41998,0
41999,0
42000,0
42001,1
42002,0
42003,0
42004,1
42005,1
42006,0
42007,0
42008,1
42009,0
42010,1
42011,1
42012,0
42013,0
42014,1
42015,0
42016,0
42017,0
42018,1
42019,0
42020,0
42021,0
42022,0
42023,0
42024,1
42025,0
42026,0
42027,0
42028,1
42029,0
42030,0
42031,0
42032,0
42033,0
42034,1
42035,1
42036,0
42037,1
42038,0
42039,0
42040,0
42041,0
42042,0
42043,0
42044,0
42045,0
42046,0
42047,0
42048,0
42049,0
42050,0
42051,1
42052,1
42053,0
42054,0
42055,0
42056,0
42057,0
42058,0
42059,0
42060,1
42061,0
42062,0
42063,0
42064,0
42065,0
42066,0
42067,0
42068,1
42069,0
42070,0
42071,0
42072,1
42073,1
42074,0
42075,0
42076,0
42077,0
42078,0
42079,1
42080,1
42081,0
42082,0
42083,0
42084,0
42085,0
42086,0
42087,1
42088,0
42089,1
42090,0
42091,1
42092,0
42093,0
42094,1
42095,0
42096,0
42097,0
42098,0
42099,0
42100,1
42101,0
42102,0
42103,0
42104,0
42105,0
42106,1
42107,0
42108,0
42109,1
42110,0
42111,0
42112,1
42113,0
42114,0
42115,1
42116,0
42117,0
42118,0
42119,0
42120,0
42121,0
42122,0
42123,0
42124,1
42125,0
42126,0
42127,0
42128,0
42129,0
42130,0
42131,0
42132,0
42133,0
42134,1
42135,1
42136,0
42137,0
42138,0
42139,0
42140,0
42141,0
42142,0
42143,0
42144,0
42145,1
42146,1
42147,0
42148,0
42149,0
42150,0
42151,0
42152,0
42153,0
42154,0
42155,0
42156,1
42157,0
42158,0
42159,1
42160,0
42161,1
42162,1
42163,1
42164,0
42165,0
42166,0
42167,0
42168,0
42169,1
42170,0
42171,0
42172,0
42173,0
42174,0
42175,0
42176,0
42177,0
42178,0
42179,0
42180,0
42181,0
42182,0
42183,0
42184,0
42185,0
42186,0
42187,0
42188,0
42189,0
42190,1
42191,1
42192,0
42193,0
42194,0
42195,0
42196,0
42197,0
42198,1
42199,0
42200,0
42201,0
42202,0
42203,0
42204,1
42205,0
42206,0
42207,0
42208,0
42209,0
42210,0
42211,0
42212,0
42213,0
42214,0
42215,0
42216,0
42217,0
42218,0
42219,0
42220,0
42221,0
42222,1
42223,1
42224,0
42225,0
42226,0
42227,0
42228,0
42229,0
42230,0
42231,1
42232,0
42233,0
42234,0
42235,1
42236,0
42237,1
42238,0
42239,0
42240,0
42241,1
42242,0
42243,0
42244,0
42245,0
42246,0
42247,1
42248,1
42249,1
42250,0
42251,0
42252,0
42253,0
42254,0
42255,1
42256,0
42257,0
42258,0
42259,1
42260,1
42261,0
42262,1
42263,1
42264,0
42265,0
42266,1
42267,0
42268,0
42269,0
42270,1
42271,0
42272,0
42273,0
42274,0
42275,0
42276,0
42277,0
42278,1
42279,1
42280,0
42281,0
42282,1
42283,0
42284,0
42285,0
42286,0
42287,0
42288,1
42289,0
42290,0
42291,0
42292,0
42293,0
42294,0
42295,1
42296,0
42297,0
42298,0
42299,0
42300,0
42301,0
42302,0
42303,0
42304,0
42305,0
42306,0
42307,0
42308,0
42309,0
42310,0
42311,0
42312,0
42313,0
42314,0
42315,1
42316,0
42317,0
42318,0
42319,1
42320,1
42321,1
42322,0
42323,0
42324,0
42325,1
42326,1
42327,0
42328,0
42329,0
42330,0
42331,0
42332,0
42333,0
42334,0
42335,0
42336,1
42337,0
42338,0
42339,0
42340,0
42341,1
42342,0
42343,0
42344,0
42345,0
42346,0
42347,0
42348,0
42349,0
42350,0
42351,0
42352,1
42353,1
42354,1
42355,0
42356,0
42357,0
42358,0
42359,0
42360,1
42361,0
42362,0
42363,0
42364,0
42365,0
42366,0
42367,0
42368,0
42369,0
42370,0
42371,0
42372,0
42373,1
42374,0
42375,0
42376,0
42377,0
42378,0
42379,0
42380,0
42381,0
42382,0
42383,0
42384,0
42385,1
42386,0
42387,0
42388,0
42389,0
42390,0
42391,1
42392,0
42393,0
42394,1
42395,0
42396,0
42397,0
42398,0
42399,0
42400,1
42401,0
42402,0
42403,1
42404,0
42405,0
42406,1
42407,0
42408,0
42409,0
42410,0
42411,1
42412,1
42413,0
42414,0
42415,0
42416,0
42417,0
42418,0
42419,0
42420,0
42421,0
42422,0
42423,1
42424,1
42425,0
42426,0
42427,0
42428,0
42429,0
42430,0
42431,1
42432,0
42433,0
42434,0
42435,1
42436,0
42437,0
42438,0
42439,0
42440,0
42441,0
42442,0
42443,0
42444,0
42445,0
42446,1
42447,0
42448,0
42449,0
42450,1
42451,0
42452,0
42453,0
42454,0
42455,0
42456,0
42457,1
42458,0
42459,0
42460,0
42461,0
42462,1
42463,0
42464,0
42465,1
42466,0
42467,1
42468,0
42469,0
42470,0
42471,0
42472,1
42473,0
42474,0
42475,1
42476,0
42477,0
42478,0
42479,0
42480,0
42481,0
42482,0
42483,0
42484,0
42485,0
42486,0
42487,0
42488,0
42489,0
42490,1
42491,0
42492,1
42493,0
42494,0
42495,1
42496,1
42497,0
42498,0
42499,0
42500,0
42501,0
42502,0
42503,1
42504,0
42505,0
42506,1
42507,0
42508,0
42509,1
42510,1
42511,0
42512,1
42513,0
42514,0
42515,0
42516,0
42517,0
42518,1
42519,1
42520,0
42521,0
42522,0
42523,0
42524,0
42525,0
42526,0
42527,0
42528,0
42529,1
42530,0
42531,1
42532,0
42533,0
42534,0
42535,0
42536,0
42537,0
42538,0
42539,0
42540,0
42541,0
42542,0
42543,0
42544,1
42545,0
42546,0
42547,0
42548,0
42549,0
42550,0
42551,0
42552,0
42553,1
42554,1
42555,0
42556,0
42557,1
42558,0
42559,1
42560,0
42561,0
42562,1
42563,0
42564,0
42565,0
42566,0
42567,0
42568,0
42569,0
42570,0
42571,0
42572,0
42573,0
42574,0
42575,0
42576,0
42577,0
42578,0
42579,0
42580,0
42581,0
42582,0
42583,0
42584,0
42585,0
42586,0
42587,0
42588,0
42589,0
42590,0
42591,0
42592,0
42593,1
42594,0
42595,0
42596,1
42597,1
42598,1
42599,0
42600,0
42601,0
42602,0
42603,0
42604,0
42605,0
42606,0
42607,0
42608,0
42609,0
42610,0
42611,0
42612,0
42613,1
42614,0
42615,1
42616,0
42617,0
42618,0
42619,0
42620,0
42621,0
42622,0
42623,0
42624,0
42625,0
42626,0
42627,0
42628,0
42629,0
42630,1
42631,0
42632,0
42633,0
42634,0
42635,0
42636,0
42637,1
42638,0
42639,0
42640,0
42641,0
42642,0
42643,0
42644,0
42645,0
42646,1
42647,0
42648,0
42649,0
42650,0
42651,0
42652,0
42653,1
42654,0
42655,0
42656,1
42657,0
42658,0
42659,1
42660,0
42661,0
42662,0
42663,0
42664,0
42665,1
42666,0
42667,1
42668,0
42669,0
42670,0
42671,1
42672,0
42673,0
42674,0
42675,0
42676,0
42677,0
42678,0
42679,0
42680,0
42681,0
42682,1
42683,0
42684,0
42685,0
42686,0
42687,0
42688,0
42689,0
42690,0
42691,0
42692,0
42693,0
42694,1
42695,0
42696,0
42697,0
42698,0
42699,1
42700,0
42701,1
42702,0
42703,0
42704,0
42705,0
42706,0
42707,1
42708,1
42709,0
42710,0
42711,0
42712,1
42713,0
42714,1
42715,1
42716,0
42717,0
42718,0
42719,0
42720,0
42721,1
42722,0
42723,0
42724,0
42725,1
42726,0
42727,1
42728,0
42729,0
42730,0
42731,0
42732,1
42733,1
42734,0
42735,1
42736,1
42737,0
42738,0
42739,0
42740,1
42741,0
42742,0
42743,0
42744,0
42745,0
42746,0
42747,0
42748,1
42749,0
42750,1
42751,0
42752,0
42753,0
42754,0
42755,0
42756,0
42757,0
42758,0
42759,1
42760,0
42761,0
42762,0
42763,0
42764,0
42765,0
42766,0
42767,0
42768,1
42769,0
42770,0
42771,0
42772,0
42773,1
42774,0
42775,0
42776,0
42777,0
42778,0
42779,1
42780,1
42781,0
42782,1
42783,0
42784,0
42785,0
42786,1
42787,1
42788,0
42789,1
42790,0
42791,0
42792,1
42793,0
42794,0
42795,0
42796,0
42797,0
42798,1
42799,0
42800,0
42801,0
42802,1
42803,0
42804,1
42805,0
42806,0
42807,0
42808,1
42809,1
42810,0
42811,0
42812,1
42813,0
42814,0
42815,0
42816,0
42817,0
42818,0
42819,0
42820,0
42821,1
42822,0
42823,0
42824,0
42825,0
42826,0
42827,0
42828,0
42829,0
42830,0
42831,0
42832,0
42833,0
42834,0
42835,0
42836,0
42837,0
42838,0
42839,0
42840,0
42841,0
42842,0
42843,0
42844,0
42845,0
42846,0
42847,0
42848,0
42849,0
42850,0
42851,0
42852,1
42853,0
42854,0
42855,0
42856,0
42857,1
42858,1
42859,0
42860,0
42861,1
42862,0
42863,1
42864,0
42865,0
42866,0
42867,0
42868,0
42869,0
42870,0
42871,0
42872,1
42873,0
42874,0
42875,0
42876,0
42877,1
42878,0
42879,0
42880,0
42881,0
42882,0
42883,0
42884,0
42885,0
42886,0
42887,0
42888,0
42889,0
42890,0
42891,0
42892,0
42893,1
42894,1
42895,0
42896,1
42897,1
42898,0
42899,1
42900,0
42901,0
42902,0
42903,0
42904,0
42905,0
42906,1
42907,0
42908,1
42909,0
42910,1
42911,0
42912,0
42913,0
42914,0
42915,0
42916,0
42917,1
42918,1
42919,0
42920,0
42921,0
42922,0
42923,0
42924,0
42925,0
42926,0
42927,0
42928,0
42929,1
42930,0
42931,1
42932,1
42933,0
42934,0
42935,1
42936,0
42937,0
42938,0
42939,0
42940,0
42941,0
42942,0
42943,1
42944,0
42945,0
42946,0
42947,0
42948,0
42949,0
42950,0
42951,0
42952,0
42953,1
42954,0
42955,0
42956,0
42957,0
42958,1
42959,0
42960,1
42961,0
42962,0
42963,0
42964,0
42965,0
42966,0
42967,1
42968,0
42969,0
42970,0
42971,0
42972,0
42973,0
42974,0
42975,0
42976,0
42977,0
42978,0
42979,0
42980,0
42981,1
42982,0
42983,0
42984,1
42985,0
42986,0
42987,0
42988,1
42989,0
42990,0
42991,0
42992,0
42993,1
42994,0
42995,0
42996,1
42997,0
42998,1
42999,0
43000,1
43001,0
43002,0
43003,0
43004,0
43005,0
43006,0
43007,0
43008,0
43009,0
43010,0
43011,0
43012,0
43013,0
43014,0
43015,0
43016,0
43017,0
43018,0
43019,0
43020,0
43021,0
43022,0
43023,0
43024,0
43025,0
43026,0
43027,1
43028,0
43029,0
43030,0
43031,0
43032,1
43033,0
43034,0
43035,0
43036,0
43037,0
43038,0
43039,1
43040,0
43041,0
43042,0
43043,0
43044,0
43045,0
43046,0
43047,0
43048,0
43049,0
43050,0
43051,0
43052,0
43053,0
43054,1
43055,0
43056,0
43057,0
43058,0
43059,0
43060,0
43061,0
43062,1
43063,0
43064,1
43065,0
43066,0
43067,0
43068,0
43069,0
43070,0
43071,0
43072,0
43073,0
43074,0
43075,0
43076,1
43077,0
43078,0
43079,0
43080,0
43081,1
43082,0
43083,0
43084,0
43085,0
43086,0
43087,0
43088,0
43089,0
43090,0
43091,1
43092,1
43093,1
43094,0
43095,0
43096,0
43097,0
43098,0
43099,0
43100,0
43101,0
43102,0
43103,0
43104,1
43105,0
43106,0
43107,0
43108,0
43109,1
43110,0
43111,1
43112,0
43113,0
43114,0
43115,0
43116,1
43117,1
43118,0
43119,0
43120,0
43121,0
43122,0
43123,0
43124,1
43125,0
43126,0
43127,0
43128,0
43129,0
43130,0
43131,0
43132,0
43133,0
43134,0
43135,0
43136,0
43137,0
43138,0
43139,0
43140,0
43141,0
43142,0
43143,0
43144,0
43145,0
43146,0
43147,0
43148,0
43149,0
43150,0
43151,0
43152,1
43153,1
43154,0
43155,0
43156,0
43157,0
43158,0
43159,0
43160,0
43161,0
43162,0
43163,0
43164,1
43165,0
43166,1
43167,0
43168,1
43169,0
43170,0
43171,0
43172,0
43173,0
43174,0
43175,0
43176,1
43177,0
43178,0
43179,1
43180,0
43181,0
43182,0
43183,0
43184,1
43185,1
43186,0
43187,0
43188,0
43189,0
43190,1
43191,1
43192,1
43193,0
43194,0
43195,0
43196,1
43197,0
43198,0
43199,0
43200,0
43201,0
43202,0
43203,0
43204,0
43205,0
43206,0
43207,0
43208,0
43209,0
43210,0
43211,1
43212,0
43213,1
43214,1
43215,0
43216,1
43217,0
43218,0
43219,0
43220,0
43221,0
43222,0
43223,0
43224,1
43225,0
43226,0
43227,0
43228,1
43229,0
43230,0
43231,0
43232,1
43233,0
43234,0
43235,1
43236,1
43237,0
43238,0
43239,0
43240,0
43241,1
43242,0
43243,0
43244,0
43245,0
43246,1
43247,0
43248,0
43249,1
43250,0
43251,0
43252,0
43253,1
43254,0
43255,0
43256,0
43257,0
43258,0
43259,0
43260,0
43261,0
43262,0
43263,0
43264,0
43265,0
43266,0
43267,0
43268,0
43269,0
43270,0
43271,0
43272,0
43273,0
43274,0
43275,0
43276,0
43277,0
43278,0
43279,0
43280,0
43281,0
43282,0
43283,0
43284,0
43285,0
43286,1
43287,1
43288,0
43289,0
43290,0
43291,0
43292,1
43293,0
43294,0
43295,0
43296,0
43297,0
43298,0
43299,1
43300,0
43301,0
43302,1
43303,1
43304,0
43305,0
43306,0
43307,0
43308,0
43309,1
43310,0
43311,1
43312,0
43313,0
43314,1
43315,0
43316,0
43317,1
43318,0
43319,0
43320,0
43321,0
43322,0
43323,1
43324,0
43325,1
43326,0
43327,0
43328,0
43329,0
43330,0
43331,0
43332,0
43333,0
43334,0
43335,0
43336,0
43337,0
43338,0
43339,0
43340,0
43341,1
43342,0
43343,1
43344,0
43345,1
43346,0
43347,1
43348,0
43349,0
43350,0
43351,0
43352,0
43353,1
43354,0
43355,0
43356,0
43357,0
43358,1
43359,0
43360,0
43361,0
43362,0
43363,0
43364,1
43365,0
43366,0
43367,0
43368,1
43369,0
43370,1
43371,0
43372,0
43373,1
43374,0
43375,0
43376,1
43377,1
43378,0
43379,1
43380,0
43381,0
43382,1
43383,0
43384,0
43385,0
43386,0
43387,0
43388,0
43389,1
43390,0
43391,0
43392,0
43393,0
43394,0
43395,1
43396,0
43397,1
43398,0
43399,0
43400,0
43401,1
43402,0
43403,0
43404,0
43405,1
43406,0
43407,0
43408,0
43409,0
43410,0
43411,0
43412,0
43413,1
43414,0
43415,0
43416,0
43417,1
43418,0
43419,0
43420,0
43421,0
43422,0
43423,0
43424,0
43425,0
43426,0
43427,0
43428,0
43429,1
43430,0
43431,0
43432,0
43433,0
43434,0
43435,0
43436,0
43437,0
43438,0
43439,0
43440,0
43441,0
43442,0
43443,0
43444,0
43445,1
43446,0
43447,0
43448,0
43449,0
43450,0
43451,0
43452,1
43453,0
43454,0
43455,0
43456,0
43457,0
43458,0
43459,0
43460,0
43461,1
43462,0
43463,0
43464,0
43465,0
43466,0
43467,0
43468,0
43469,0
43470,1
43471,0
43472,0
43473,1
43474,0
43475,0
43476,0
43477,0
43478,0
43479,0
43480,1
43481,0
43482,0
43483,0
43484,0
43485,1
43486,0
43487,0
43488,0
43489,0
43490,0
43491,0
43492,0
43493,0
43494,1
43495,0
43496,0
43497,0
43498,0
43499,0
43500,0
43501,0
43502,0
43503,1
43504,0
43505,0
43506,0
43507,0
43508,0
43509,0
43510,0
43511,1
43512,1
43513,1
43514,1
43515,0
43516,0
43517,1
43518,0
43519,0
43520,0
43521,0
43522,0
43523,0
43524,0
43525,0
43526,0
43527,0
43528,0
43529,0
43530,0
43531,1
43532,1
43533,0
43534,0
43535,0
43536,0
43537,1
43538,1
43539,0
43540,0
43541,0
43542,0
43543,0
43544,0
43545,0
43546,0
43547,0
43548,0
43549,0
43550,1
43551,0
43552,1
43553,0
43554,0
43555,0
43556,0
43557,0
43558,0
43559,0
43560,0
43561,0
43562,0
43563,0
43564,0
43565,0
43566,0
43567,0
43568,0
43569,1
43570,0
43571,0
43572,0
43573,0
43574,0
43575,0
43576,0
43577,0
43578,0
43579,0
43580,0
43581,0
43582,1
43583,0
43584,0
43585,0
43586,0
43587,0
43588,0
43589,0
43590,0
43591,0
43592,1
43593,0
43594,0
43595,0
43596,1
43597,0
43598,0
43599,0
43600,0
43601,0
43602,0
43603,0
43604,0
43605,0
43606,0
43607,0
43608,1
43609,0
43610,1
43611,0
43612,0
43613,0
43614,0
43615,0
43616,0
43617,0
43618,0
43619,0
43620,0
43621,0
43622,0
43623,1
43624,0
43625,0
43626,0
43627,0
43628,1
43629,0
43630,0
43631,0
43632,0
43633,0
43634,0
43635,0
43636,0
43637,0
43638,0
43639,0
43640,0
43641,0
43642,0
43643,1
43644,0
43645,0
43646,0
43647,0
43648,0
43649,0
43650,0
43651,0
43652,0
43653,0
43654,0
43655,0
43656,0
43657,1
43658,0
43659,0
43660,1
43661,0
43662,0
43663,1
43664,1
43665,1
43666,1
43667,0
43668,0
43669,0
43670,1
43671,0
43672,0
43673,0
43674,0
43675,0
43676,0
43677,0
43678,0
43679,0
43680,1
43681,1
43682,0
43683,0
43684,0
43685,0
43686,0
43687,0
43688,0
43689,0
43690,0
43691,0
43692,0
43693,0
43694,0
43695,0
43696,0
43697,0
43698,1
43699,0
43700,1
43701,1
43702,0
43703,0
43704,1
43705,0
43706,1
43707,0
43708,0
43709,0
43710,0
43711,0
43712,0
43713,0
43714,0
43715,0
43716,0
43717,0
43718,0
43719,0
43720,1
43721,0
43722,0
43723,0
43724,0
43725,0
43726,0
43727,0
43728,0
43729,1
43730,0
43731,0
43732,0
43733,0
43734,0
43735,0
43736,0
43737,0
43738,0
43739,0
43740,0
43741,0
43742,0
43743,0
43744,0
43745,1
43746,0
43747,0
43748,1
43749,0
43750,0
43751,0
43752,0
43753,0
43754,0
43755,0
43756,0
43757,1
43758,0
43759,1
43760,0
43761,1
43762,1
43763,1
43764,0
43765,0
43766,1
43767,0
43768,0
43769,0
43770,0
43771,0
43772,0
43773,0
43774,1
43775,1
43776,0
43777,0
43778,1
43779,0
43780,0
43781,1
43782,1
43783,0
43784,0
43785,0
43786,0
43787,0
43788,1
43789,1
43790,1
43791,1
43792,0
43793,0
43794,0
43795,0
43796,0
43797,0
43798,0
43799,0
43800,0
43801,0
43802,0
43803,1
43804,1
43805,0
43806,0
43807,0
43808,1
43809,0
43810,0
43811,0
43812,0
43813,0
43814,0
43815,0
43816,1
43817,0
43818,0
43819,0
43820,0
43821,0
43822,0
43823,0
43824,0
43825,0
43826,0
43827,0
43828,0
43829,0
43830,0
43831,0
43832,1
43833,0
43834,0
43835,0
43836,0
43837,0
43838,1
43839,0
43840,1
43841,0
43842,0
43843,0
43844,0
43845,0
43846,0
43847,0
43848,0
43849,0
43850,0
43851,0
43852,1
43853,1
43854,0
43855,0
43856,0
43857,0
43858,0
43859,0
43860,0
43861,0
43862,0
43863,1
43864,0
43865,0
43866,0
43867,0
43868,0
43869,0
43870,0
43871,0
43872,1
43873,0
43874,1
43875,0
43876,1
43877,1
43878,1
43879,0
43880,0
43881,0
43882,0
43883,0
43884,1
43885,1
43886,0
43887,0
43888,0
43889,0
43890,0
43891,0
43892,1
43893,1
43894,1
43895,0
43896,0
43897,1
43898,0
43899,0
43900,0
43901,1
43902,0
43903,0
43904,0
43905,0
43906,0
43907,0
43908,0
43909,0
43910,0
43911,0
43912,0
43913,0
43914,0
43915,0
43916,0
43917,0
43918,0
43919,0
43920,0
43921,1
43922,0
43923,0
43924,0
43925,0
43926,0
43927,0
43928,1
43929,1
43930,0
43931,0
43932,0
43933,0
43934,0
43935,0
43936,0
43937,0
43938,0
43939,0
43940,1
43941,0
43942,0
43943,0
43944,1
43945,0
43946,0
43947,0
43948,0
43949,0
43950,0
43951,0
43952,1
43953,0
43954,0
43955,1
43956,0
43957,0
43958,0
43959,1
43960,0
43961,0
43962,0
43963,0
43964,0
43965,0
43966,0
43967,0
43968,1
43969,0
43970,0
43971,0
43972,0
43973,0
43974,0
43975,0
43976,1
43977,0
43978,0
43979,0
43980,1
43981,0
43982,0
43983,0
43984,0
43985,0
43986,0
43987,0
43988,1
43989,0
43990,0
43991,0
43992,0
43993,0
43994,0
43995,1
43996,0
43997,0
43998,0
43999,0
44000,0
44001,1
44002,0
44003,0
44004,0
44005,1
44006,1
44007,1
44008,0
44009,1
44010,0
44011,0
44012,0
44013,0
44014,0
44015,0
44016,0
44017,0
44018,0
44019,0
44020,0
44021,0
44022,0
44023,0
44024,0
44025,0
44026,0
44027,0
44028,0
44029,0
44030,0
44031,1
44032,0
44033,0
44034,0
44035,1
44036,0
44037,0
44038,0
44039,0
44040,0
44041,0
44042,0
44043,0
44044,0
44045,0
44046,0
44047,1
44048,0
44049,0
44050,0
44051,0
44052,0
44053,0
44054,0
44055,0
44056,0
44057,1
44058,0
44059,0
44060,0
44061,0
44062,0
44063,0
44064,0
44065,1
44066,0
44067,0
44068,1
44069,0
44070,1
44071,1
44072,0
44073,1
44074,0
44075,0
44076,0
44077,0
44078,0
44079,0
44080,0
44081,0
44082,0
44083,0
44084,0
44085,0
44086,0
44087,0
44088,0
44089,0
44090,0
44091,1
44092,0
44093,0
44094,0
44095,1
44096,0
44097,1
44098,0
44099,0
44100,1
44101,0
44102,1
44103,0
44104,0
44105,0
44106,1
44107,0
44108,1
44109,0
44110,0
44111,0
44112,0
44113,0
44114,1
44115,0
44116,0
44117,0
44118,0
44119,1
44120,0
44121,0
44122,1
44123,0
44124,0
44125,0
44126,0
44127,0
44128,0
44129,0
44130,0
44131,0
44132,0
44133,0
44134,0
44135,0
44136,0
44137,1
44138,0
44139,0
44140,0
44141,0
44142,1
44143,0
44144,0
44145,0
44146,0
44147,0
44148,0
44149,0
44150,0
44151,0
44152,0
44153,1
44154,0
44155,0
44156,0
44157,0
44158,0
44159,0
44160,0
44161,0
44162,0
44163,0
44164,0
44165,0
44166,0
44167,1
44168,0
44169,0
44170,0
44171,0
44172,0
44173,0
44174,0
44175,0
44176,0
44177,1
44178,0
44179,0
44180,0
44181,0
44182,0
44183,0
44184,0
44185,0
44186,0
44187,0
44188,1
44189,0
44190,0
44191,0
44192,0
44193,0
44194,0
44195,1
44196,1
44197,0
44198,0
44199,0
44200,0
44201,0
44202,0
44203,0
44204,0
44205,0
44206,1
44207,0
44208,0
44209,1
44210,1
44211,0
44212,1
44213,0
44214,0
44215,0
44216,0
44217,0
44218,0
44219,0
44220,0
44221,1
44222,0
44223,0
44224,1
44225,0
44226,0
44227,0
44228,0
44229,0
44230,1
44231,0
44232,0
44233,0
44234,1
44235,0
44236,0
44237,0
44238,1
44239,0
44240,0
44241,0
44242,0
44243,0
44244,0
44245,0
44246,0
44247,0
44248,0
44249,0
44250,0
44251,1
44252,0
44253,0
44254,0
44255,0
44256,0
44257,0
44258,0
44259,0
44260,0
44261,0
44262,1
44263,0
44264,0
44265,1
44266,0
44267,0
44268,0
44269,1
44270,0
44271,0
44272,1
44273,0
44274,0
44275,0
44276,0
44277,0
44278,0
44279,0
44280,0
44281,0
44282,0
44283,0
44284,1
44285,0
44286,0
44287,1
44288,0
44289,0
44290,0
44291,1
44292,0
44293,1
44294,0
44295,0
44296,0
44297,0
44298,1
44299,0
44300,0
44301,1
44302,0
44303,1
44304,1
44305,1
44306,1
44307,0
44308,1
44309,0
44310,0
44311,0
44312,0
44313,1
44314,0
44315,0
44316,0
44317,1
44318,0
44319,0
44320,0
44321,1
44322,0
44323,0
44324,0
44325,0
44326,0
44327,0
44328,0
44329,0
44330,0
44331,0
44332,0
44333,0
44334,1
44335,0
44336,0
44337,1
44338,0
44339,0
44340,0
44341,0
44342,0
44343,1
44344,0
44345,0
44346,0
44347,0
44348,0
44349,0
44350,0
44351,0
44352,0
44353,0
44354,0
44355,1
44356,0
44357,0
44358,1
44359,0
44360,0
44361,0
44362,0
44363,0
44364,0
44365,0
44366,0
44367,0
44368,0
44369,0
44370,0
44371,0
44372,0
44373,1
44374,1
44375,0
44376,1
44377,0
44378,0
44379,0
44380,0
44381,0
44382,0
44383,0
44384,1
44385,0
44386,0
44387,0
44388,1
44389,0
44390,0
44391,0
44392,0
44393,0
44394,0
44395,0
44396,1
44397,1
44398,0
44399,0
44400,0
44401,1
44402,1
44403,1
44404,1
44405,0
44406,0
44407,0
44408,0
44409,0
44410,1
44411,0
44412,1
44413,1
44414,1
44415,0
44416,0
44417,0
44418,1
44419,0
44420,0
44421,1
44422,0
44423,0
44424,0
44425,1
44426,1
44427,0
44428,0
44429,1
44430,0
44431,0
44432,0
44433,0
44434,0
44435,0
44436,0
44437,0
44438,1
44439,0
44440,0
44441,0
44442,0
44443,0
44444,0
44445,0
44446,0
44447,0
44448,0
44449,0
44450,0
44451,0
44452,0
44453,0
44454,0
44455,1
44456,0
44457,0
44458,0
44459,0
44460,0
44461,0
44462,0
44463,0
44464,0
44465,0
44466,0
44467,0
44468,0
44469,0
44470,0
44471,0
44472,0
44473,0
44474,0
44475,1
44476,1
44477,0
44478,0
44479,0
44480,0
44481,0
44482,0
44483,0
44484,0
44485,0
44486,0
44487,0
44488,0
44489,0
44490,1
44491,0
44492,0
44493,0
44494,0
44495,0
44496,0
44497,0
44498,0
44499,0
44500,0
44501,0
44502,0
44503,0
44504,0
44505,0
44506,0
44507,0
44508,0
44509,0
44510,0
44511,0
44512,1
44513,0
44514,1
44515,0
44516,0
44517,0
44518,1
44519,0
44520,0
44521,1
44522,1
44523,1
44524,0
44525,0
44526,1
44527,0
44528,0
44529,1
44530,0
44531,0
44532,1
44533,0
44534,1
44535,0
44536,0
44537,0
44538,0
44539,0
44540,0
44541,0
44542,0
44543,0
44544,0
44545,0
44546,0
44547,1
44548,0
44549,1
44550,0
44551,0
44552,1
44553,1
44554,0
44555,1
44556,0
44557,1
44558,0
44559,1
44560,0
44561,0
44562,0
44563,0
44564,0
44565,0
44566,0
44567,0
44568,0
44569,1
44570,0
44571,0
44572,0
44573,0
44574,1
44575,0
44576,0
44577,1
44578,0
44579,0
44580,0
44581,0
44582,0
44583,0
44584,0
44585,0
44586,0
44587,0
44588,0
44589,0
44590,0
44591,1
44592,0
44593,0
44594,0
44595,0
44596,0
44597,0
44598,0
44599,0
44600,0
44601,0
44602,0
44603,1
44604,0
44605,0
44606,1
44607,0
44608,0
44609,0
44610,0
44611,0
44612,0
44613,1
44614,1
44615,0
44616,0
44617,0
44618,1
44619,0
44620,1
44621,0
44622,0
44623,0
44624,0
44625,0
44626,0
44627,0
44628,1
44629,0
44630,0
44631,0
44632,0
44633,0
44634,0
44635,0
44636,0
44637,1
44638,0
44639,1
44640,0
44641,0
44642,0
44643,0
44644,0
44645,0
44646,1
44647,0
44648,0
44649,0
44650,1
44651,1
44652,0
44653,0
44654,0
44655,0
44656,1
44657,1
44658,0
44659,0
44660,0
44661,0
44662,0
44663,0
44664,0
44665,0
44666,0
44667,1
44668,0
44669,0
44670,0
44671,0
44672,0
44673,0
44674,0
44675,0
44676,1
44677,0
44678,0
44679,0
44680,0
44681,0
44682,0
44683,0
44684,0
44685,0
44686,1
44687,0
44688,0
44689,0
44690,0
44691,0
44692,1
44693,0
44694,0
44695,0
44696,0
44697,0
44698,0
44699,0
44700,0
44701,0
44702,0
44703,0
44704,0
44705,0
44706,0
44707,0
44708,1
44709,1
44710,0
44711,0
44712,0
44713,0
44714,0
44715,0
44716,0
44717,0
44718,0
44719,1
44720,0
44721,0
44722,1
44723,1
44724,1
44725,1
44726,1
44727,0
44728,0
44729,0
44730,1
44731,0
44732,0
44733,0
44734,0
44735,1
44736,0
44737,0
44738,0
44739,0
44740,0
44741,1
44742,0
44743,0
44744,1
44745,1
44746,0
44747,0
44748,0
44749,0
44750,0
44751,0
44752,1
44753,0
44754,0
44755,1
44756,0
44757,0
44758,0
44759,0
44760,0
44761,0
44762,1
44763,1
44764,1
44765,0
44766,0
44767,0
44768,0
44769,1
44770,0
44771,0
44772,0
44773,0
44774,0
44775,1
44776,1
44777,0
44778,1
44779,1
44780,0
44781,0
44782,0
44783,0
44784,0
44785,0
44786,0
44787,0
44788,0
44789,0
44790,0
44791,0
44792,0
44793,1
44794,1
44795,0
44796,0
44797,0
44798,0
44799,0
44800,0
44801,1
44802,0
44803,0
44804,0
44805,0
44806,0
44807,0
44808,0
44809,0
44810,1
44811,0
44812,1
44813,0
44814,0
44815,0
44816,0
44817,0
44818,0
44819,0
44820,1
44821,0
44822,0
44823,0
44824,0
44825,0
44826,0
44827,0
44828,0
44829,0
44830,0
44831,0
44832,1
44833,0
44834,0
44835,0
44836,1
44837,0
44838,1
44839,0
44840,0
44841,0
44842,0
44843,0
44844,0
44845,0
44846,0
44847,0
44848,0
44849,0
44850,0
44851,0
44852,0
44853,0
44854,0
44855,0
44856,1
44857,0
44858,0
44859,0
44860,0
44861,0
44862,0
44863,0
44864,0
44865,0
44866,1
44867,1
44868,1
44869,1
44870,0
44871,0
44872,0
44873,0
44874,1
44875,0
44876,0
44877,0
44878,1
44879,0
44880,0
44881,1
44882,0
44883,0
44884,1
44885,0
44886,0
44887,0
44888,0
44889,0
44890,0
44891,0
44892,0
44893,0
44894,0
44895,1
44896,0
44897,0
44898,1
44899,0
44900,0
44901,0
44902,0
44903,1
44904,0
44905,0
44906,0
44907,0
44908,0
44909,0
44910,1
44911,0
44912,0
44913,1
44914,0
44915,1
44916,0
44917,0
44918,0
44919,0
44920,0
44921,0
44922,0
44923,0
44924,0
44925,0
44926,1
44927,0
44928,0
44929,1
44930,0
44931,1
44932,0
44933,0
44934,0
44935,0
44936,0
44937,0
44938,0
44939,0
44940,0
44941,1
44942,0
44943,0
44944,0
44945,0
44946,0
44947,0
44948,0
44949,0
44950,0
44951,0
44952,0
44953,0
44954,0
44955,1
44956,1
44957,0
44958,0
44959,1
44960,1
44961,0
44962,0
44963,1
44964,0
44965,0
44966,0
44967,0
44968,0
44969,0
44970,0
44971,1
44972,0
44973,0
44974,0
44975,0
44976,0
44977,0
44978,0
44979,0
44980,0
44981,0
44982,0
44983,0
44984,0
44985,0
44986,0
44987,0
44988,0
44989,0
44990,0
44991,1
44992,1
44993,0
44994,0
44995,0
44996,0
44997,0
44998,0
44999,0
45000,0
45001,0
45002,0
45003,0
45004,0
45005,0
45006,1
45007,0
45008,0
45009,0
45010,0
45011,0
45012,1
45013,1
45014,0
45015,0
45016,0
45017,0
45018,0
45019,1
45020,0
45021,0
45022,0
45023,0
45024,0
45025,0
45026,0
45027,0
45028,0
45029,0
45030,0
45031,1
45032,1
45033,1
45034,0
45035,0
45036,0
45037,0
45038,0
45039,0
45040,0
45041,0
45042,0
45043,1
45044,0
45045,1
45046,1
45047,0
45048,0
45049,0
45050,0
45051,0
45052,0
45053,0
45054,0
45055,0
45056,0
45057,0
45058,0
45059,0
45060,0
45061,0
45062,1
45063,1
45064,0
45065,0
45066,0
45067,0
45068,1
45069,0
45070,0
45071,0
45072,0
45073,0
45074,0
45075,0
45076,0
45077,0
45078,1
45079,1
45080,0
45081,0
45082,0
45083,0
45084,0
45085,0
45086,0
45087,0
45088,0
45089,0
45090,0
45091,0
45092,0
45093,0
45094,0
45095,1
45096,0
45097,1
45098,1
45099,0
45100,0
45101,0
45102,1
45103,0
45104,0
45105,0
45106,0
45107,0
45108,0
45109,0
45110,1
45111,0
45112,0
45113,1
45114,0
45115,1
45116,0
45117,0
45118,0
45119,0
45120,0
45121,1
45122,0
45123,0
45124,0
45125,0
45126,0
45127,0
45128,0
45129,0
45130,0
45131,0
45132,0
45133,1
45134,0
45135,1
45136,0
45137,0
45138,1
45139,0
45140,0
45141,1
45142,0
45143,0
45144,0
45145,1
45146,1
45147,0
45148,0
45149,0
45150,0
45151,0
45152,0
45153,0
45154,1
45155,0
45156,0
45157,0
45158,0
45159,0
45160,0
45161,0
45162,0
45163,0
45164,1
45165,0
45166,0
45167,0
45168,0
45169,0
45170,0
45171,0
45172,0
45173,0
45174,0
45175,0
45176,0
45177,0
45178,1
45179,0
45180,0
45181,1
45182,0
45183,0
45184,0
45185,0
45186,0
45187,0
45188,0
45189,0
45190,0
45191,0
45192,0
45193,1
45194,0
45195,0
45196,0
45197,0
45198,1
45199,0
45200,0
45201,0
45202,0
45203,0
45204,0
45205,0
45206,0
45207,0
45208,0
45209,0
45210,0
45211,0
45212,0
45213,0
45214,0
45215,0
45216,0
45217,0
45218,0
45219,0
45220,0
45221,0
45222,0
45223,0
45224,0
45225,1
45226,0
45227,1
45228,0
45229,0
45230,0
45231,0
45232,0
45233,1
45234,0
45235,0
45236,0
45237,0
45238,0
45239,1
45240,0
45241,0
45242,0
45243,0
45244,0
45245,0
45246,0
45247,1
45248,0
45249,1
45250,0
45251,0
45252,0
45253,0
45254,0
45255,0
45256,1
45257,0
45258,1
45259,1
45260,0
45261,1
45262,0
45263,0
45264,0
45265,0
45266,1
45267,0
45268,0
45269,0
45270,0
45271,0
45272,0
45273,0
45274,1
45275,0
45276,0
45277,0
45278,0
45279,0
45280,0
45281,1
45282,1
45283,0
45284,1
45285,1
45286,0
45287,0
45288,0
45289,0
45290,0
45291,1
45292,0
45293,0
45294,0
45295,0
45296,0
45297,0
45298,0
45299,1
45300,0
45301,1
45302,1
45303,1
45304,0
45305,1
45306,0
45307,0
45308,0
45309,0
45310,0
45311,0
45312,0
45313,0
45314,0
45315,0
45316,0
45317,0
45318,0
45319,0
45320,0
45321,0
45322,0
45323,1
45324,0
45325,1
45326,0
45327,0
45328,0
45329,0
45330,0
45331,0
45332,0
45333,1
45334,0
45335,1
45336,0
45337,0
45338,0
45339,0
45340,0
45341,0
45342,0
45343,0
45344,0
45345,0
45346,1
45347,0
45348,0
45349,1
45350,1
45351,0
45352,0
45353,1
45354,0
45355,1
45356,0
45357,0
45358,0
45359,0
45360,0
45361,0
45362,0
45363,1
45364,0
45365,0
45366,0
45367,1
45368,1
45369,0
45370,0
45371,0
45372,0
45373,0
45374,1
45375,0
45376,0
45377,0
45378,0
45379,0
45380,0
45381,0
45382,1
45383,0
45384,0
45385,1
45386,0
45387,0
45388,0
45389,0
45390,0
45391,0
45392,1
45393,0
45394,1
45395,0
45396,0
45397,1
45398,1
45399,0
45400,0
45401,0
45402,0
45403,0
45404,1
45405,0
45406,0
45407,0
45408,0
45409,0
45410,0
45411,0
45412,0
45413,0
45414,1
45415,0
45416,1
45417,0
45418,0
45419,1
45420,0
45421,1
45422,1
45423,0
45424,0
45425,0
45426,0
45427,0
45428,0
45429,0
45430,0
45431,0
45432,0
45433,0
45434,0
45435,1
45436,0
45437,0
45438,0
45439,0
45440,0
45441,0
45442,1
45443,0
45444,0
45445,0
45446,0
45447,0
45448,0
45449,0
45450,0
45451,0
45452,0
45453,0
45454,0
45455,0
45456,0
45457,0
45458,1
45459,0
45460,0
45461,0
45462,0
45463,0
45464,0
45465,0
45466,1
45467,0
45468,1
45469,0
45470,0
45471,0
45472,1
45473,0
45474,1
45475,0
45476,1
45477,1
45478,0
45479,0
45480,1
45481,1
45482,0
45483,0
45484,0
45485,0
45486,0
45487,0
45488,0
45489,0
45490,1
45491,0
45492,0
45493,0
45494,0
45495,0
45496,0
45497,0
45498,0
45499,0
45500,0
45501,0
45502,0
45503,0
45504,1
45505,0
45506,1
45507,0
45508,0
45509,0
45510,1
45511,0
45512,0
45513,0
45514,0
45515,1
45516,0
45517,0
45518,1
45519,0
45520,1
45521,0
45522,0
45523,0
45524,0
45525,0
45526,0
45527,0
45528,0
45529,1
45530,1
45531,0
45532,0
45533,0
45534,0
45535,0
45536,1
45537,0
45538,0
45539,0
45540,0
45541,1
45542,0
45543,0
45544,1
45545,0
45546,0
45547,1
45548,1
45549,0
45550,0
45551,0
45552,1
45553,0
45554,0
45555,0
45556,0
45557,0
45558,0
45559,0
45560,0
45561,0
45562,0
45563,0
45564,0
45565,0
45566,0
45567,0
45568,0
45569,0
45570,0
45571,0
45572,0
45573,0
45574,1
45575,0
45576,0
45577,0
45578,0
45579,0
45580,1
45581,0
45582,0
45583,0
45584,1
45585,0
45586,0
45587,0
45588,1
45589,1
45590,0
45591,0
45592,0
45593,0
45594,0
45595,0
45596,0
45597,0
45598,0
45599,0
45600,0
45601,0
45602,0
45603,1
45604,0
45605,0
45606,1
45607,0
45608,0
45609,0
45610,1
45611,0
45612,0
45613,0
45614,1
45615,0
45616,0
45617,0
45618,0
45619,0
45620,1
45621,1
45622,0
45623,0
45624,0
45625,1
45626,0
45627,0
45628,0
45629,0
45630,0
45631,0
45632,0
45633,1
45634,0
45635,0
45636,0
45637,1
45638,0
45639,0
45640,1
45641,0
45642,0
45643,0
45644,0
45645,0
45646,0
45647,0
45648,1
45649,0
45650,0
45651,0
45652,1
45653,0
45654,0
45655,0
45656,0
45657,0
45658,0
45659,1
45660,0
45661,0
45662,0
45663,1
45664,0
45665,0
45666,0
45667,0
45668,1
45669,0
45670,0
45671,0
45672,0
45673,1
45674,0
45675,0
45676,0
45677,0
45678,1
45679,0
45680,0
45681,0
45682,0
45683,0
45684,0
45685,1
45686,1
45687,0
45688,1
45689,0
45690,0
45691,0
45692,0
45693,0
45694,0
45695,0
45696,0
45697,0
45698,0
45699,0
45700,0
45701,0
45702,0
45703,0
45704,0
45705,0
45706,0
45707,0
45708,0
45709,0
45710,0
45711,0
45712,0
45713,0
45714,1
45715,0
45716,0
45717,0
45718,0
45719,0
45720,0
45721,0
45722,0
45723,0
45724,0
45725,0
45726,0
45727,0
45728,1
45729,0
45730,1
45731,0
45732,0
45733,0
45734,0
45735,0
45736,1
45737,0
45738,0
45739,0
45740,0
45741,1
45742,0
45743,0
45744,0
45745,0
45746,0
45747,0
45748,0
45749,0
45750,0
45751,0
45752,0
45753,0
45754,0
45755,0
45756,0
45757,1
45758,0
45759,0
45760,0
45761,0
45762,1
45763,1
45764,1
45765,1
45766,0
45767,1
45768,1
45769,0
45770,0
45771,1
45772,0
45773,0
45774,0
45775,0
45776,0
45777,0
45778,1
45779,0
45780,0
45781,0
45782,0
45783,1
45784,0
45785,0
45786,0
45787,0
45788,0
45789,0
45790,0
45791,1
45792,0
45793,0
45794,1
45795,1
45796,0
45797,1
45798,0
45799,1
45800,0
45801,1
45802,0
45803,1
45804,0
45805,1
45806,1
45807,0
45808,0
45809,0
45810,0
45811,1
45812,0
45813,0
45814,0
45815,0
45816,0
45817,0
45818,0
45819,1
45820,1
45821,0
45822,0
45823,0
45824,1
45825,1
45826,0
45827,0
45828,0
45829,0
45830,0
45831,0
45832,1
45833,0
45834,0
45835,0
45836,0
45837,0
45838,1
45839,0
45840,0
45841,0
45842,0
45843,1
45844,0
45845,0
45846,0
45847,1
45848,0
45849,0
45850,0
45851,0
45852,0
45853,0
45854,0
45855,0
45856,0
45857,1
45858,0
45859,0
45860,0
45861,0
45862,0
45863,0
45864,0
45865,0
45866,1
45867,0
45868,0
45869,0
45870,0
45871,0
45872,0
45873,0
45874,0
45875,0
45876,0
45877,0
45878,1
45879,1
45880,0
45881,0
45882,0
45883,0
45884,0
45885,0
45886,0
45887,0
45888,0
45889,0
45890,1
45891,0
45892,0
45893,0
45894,0
45895,0
45896,0
45897,0
45898,0
45899,1
45900,0
45901,0
45902,0
45903,0
45904,0
45905,1
45906,1
45907,1
45908,0
45909,0
45910,0
45911,0
45912,0
45913,0
45914,0
45915,1
45916,0
45917,0
45918,0
45919,0
45920,0
45921,0
45922,1
45923,0
45924,0
45925,0
45926,1
45927,0
45928,0
45929,0
45930,0
45931,0
45932,1
45933,0
45934,0
45935,0
45936,1
45937,0
45938,0
45939,0
45940,0
45941,0
45942,0
45943,0
45944,0
45945,0
45946,0
45947,0
45948,0
45949,1
45950,0
45951,0
45952,0
45953,0
45954,1
45955,0
45956,0
45957,0
45958,1
45959,0
45960,0
45961,0
45962,0
45963,1
45964,0
45965,0
45966,0
45967,0
45968,0
45969,1
45970,0
45971,0
45972,0
45973,0
45974,0
45975,1
45976,0
45977,1
45978,0
45979,0
45980,0
45981,0
45982,0
45983,0
45984,0
45985,0
45986,0
45987,0
45988,0
45989,0
45990,0
45991,1
45992,0
45993,0
45994,1
45995,0
45996,0
45997,0
45998,0
45999,1
46000,0
46001,0
46002,0
46003,0
46004,0
46005,0
46006,0
46007,0
46008,1
46009,1
46010,0
46011,0
46012,0
46013,0
46014,0
46015,1
46016,0
46017,1
46018,0
46019,0
46020,0
46021,0
46022,0
46023,0
46024,0
46025,0
46026,0
46027,1
46028,0
46029,0
46030,0
46031,1
46032,0
46033,0
46034,0
46035,0
46036,0
46037,1
46038,1
46039,0
46040,0
46041,0
46042,0
46043,0
46044,1
46045,0
46046,1
46047,0
46048,0
46049,0
46050,1
46051,0
46052,0
46053,0
46054,0
46055,0
46056,0
46057,0
46058,1
46059,0
46060,1
46061,0
46062,0
46063,0
46064,0
46065,0
46066,0
46067,0
46068,0
46069,0
46070,0
46071,0
46072,0
46073,0
46074,0
46075,1
46076,0
46077,1
46078,0
46079,0
46080,0
46081,0
46082,0
46083,0
46084,0
46085,1
46086,0
46087,0
46088,0
46089,1
46090,0
46091,0
46092,0
46093,0
46094,0
46095,1
46096,0
46097,0
46098,0
46099,0
46100,1
46101,1
46102,0
46103,0
46104,0
46105,0
46106,0
46107,1
46108,0
46109,0
46110,0
46111,1
46112,0
46113,1
46114,0
46115,0
46116,0
46117,0
46118,0
46119,0
46120,0
46121,0
46122,0
46123,0
46124,0
46125,0
46126,0
46127,0
46128,0
46129,0
46130,0
46131,0
46132,0
46133,0
46134,0
46135,0
46136,1
46137,0
46138,0
46139,0
46140,0
46141,0
46142,0
46143,1
46144,0
46145,0
46146,0
46147,0
46148,0
46149,0
46150,1
46151,0
46152,0
46153,1
46154,1
46155,0
46156,0
46157,0
46158,0
46159,0
46160,0
46161,1
46162,0
46163,0
46164,0
46165,1
46166,0
46167,0
46168,0
46169,0
46170,0
46171,0
46172,0
46173,0
46174,1
46175,0
46176,0
46177,1
46178,0
46179,0
46180,0
46181,0
46182,0
46183,0
46184,0
46185,0
46186,1
46187,0
46188,0
46189,0
46190,0
46191,0
46192,0
46193,0
46194,0
46195,0
46196,1
46197,0
46198,1
46199,0
46200,0
46201,0
46202,0
46203,0
46204,0
46205,0
46206,1
46207,0
46208,0
46209,0
46210,0
46211,1
46212,1
46213,0
46214,0
46215,1
46216,0
46217,0
46218,0
46219,0
46220,0
46221,1
46222,1
46223,0
46224,0
46225,0
46226,0
46227,0
46228,0
46229,0
46230,0
46231,0
46232,0
46233,0
46234,1
46235,0
46236,0
46237,0
46238,0
46239,1
46240,0
46241,0
46242,0
46243,1
46244,0
46245,0
46246,0
46247,0
46248,0
46249,0
46250,0
46251,0
46252,0
46253,0
46254,0
46255,0
46256,0
46257,1
46258,0
46259,0
46260,0
46261,0
46262,0
46263,0
46264,0
46265,0
46266,0
46267,1
46268,1
46269,0
46270,1
46271,1
46272,0
46273,0
46274,0
46275,0
46276,0
46277,0
46278,0
46279,0
46280,0
46281,0
46282,0
46283,0
46284,0
46285,0
46286,0
46287,0
46288,0
46289,1
46290,0
46291,0
46292,0
46293,0
46294,0
46295,0
46296,0
46297,0
46298,0
46299,0
46300,0
46301,0
46302,0
46303,0
46304,0
46305,0
46306,0
46307,0
46308,0
46309,0
46310,0
46311,0
46312,0
46313,0
46314,1
46315,0
46316,1
46317,0
46318,1
46319,1
46320,0
46321,0
46322,1
46323,0
46324,0
46325,1
46326,0
46327,1
46328,1
46329,0
46330,0
46331,0
46332,0
46333,0
46334,1
46335,0
46336,1
46337,0
46338,0
46339,0
46340,0
46341,0
46342,0
46343,0
46344,0
46345,1
46346,0
46347,0
46348,0
46349,0
46350,0
46351,1
46352,1
46353,0
46354,0
46355,1
46356,1
46357,0
46358,0
46359,0
46360,1
46361,0
46362,0
46363,0
46364,0
46365,0
46366,0
46367,0
46368,0
46369,0
46370,0
46371,0
46372,1
46373,1
46374,0
46375,0
46376,0
46377,0
46378,0
46379,1
46380,0
46381,0
46382,0
46383,1
46384,0
46385,0
46386,0
46387,0
46388,0
46389,0
46390,0
46391,0
46392,0
46393,0
46394,0
46395,0
46396,0
46397,0
46398,0
46399,1
46400,0
46401,1
46402,1
46403,0
46404,1
46405,0
46406,0
46407,1
46408,0
46409,0
46410,0
46411,0
46412,0
46413,1
46414,0
46415,1
46416,0
46417,1
46418,0
46419,0
46420,0
46421,1
46422,0
46423,0
46424,0
46425,1
46426,0
46427,0
46428,0
46429,0
46430,0
46431,0
46432,0
46433,0
46434,0
46435,0
46436,0
46437,1
46438,0
46439,0
46440,0
46441,0
46442,0
46443,0
46444,0
46445,0
46446,1
46447,0
46448,0
46449,0
46450,1
46451,0
46452,1
46453,0
46454,0
46455,0
46456,0
46457,0
46458,0
46459,0
46460,0
46461,0
46462,1
46463,0
46464,0
46465,0
46466,0
46467,0
46468,0
46469,0
46470,0
46471,1
46472,0
46473,0
46474,0
46475,0
46476,1
46477,1
46478,0
46479,0
46480,0
46481,0
46482,0
46483,0
46484,0
46485,0
46486,0
46487,0
46488,0
46489,1
46490,0
46491,1
46492,0
46493,0
46494,1
46495,0
46496,0
46497,0
46498,0
46499,0
46500,1
46501,0
46502,0
46503,0
46504,1
46505,0
46506,0
46507,1
46508,1
46509,1
46510,0
46511,1
46512,0
46513,0
46514,0
46515,0
46516,1
46517,0
46518,0
46519,0
46520,0
46521,0
46522,0
46523,1
46524,0
46525,0
46526,1
46527,0
46528,0
46529,0
46530,1
46531,0
46532,0
46533,0
46534,0
46535,0
46536,0
46537,0
46538,0
46539,1
46540,0
46541,1
46542,0
46543,0
46544,0
46545,0
46546,0
46547,0
46548,1
46549,0
46550,0
46551,0
46552,0
46553,0
46554,0
46555,0
46556,0
46557,0
46558,0
46559,0
46560,1
46561,1
46562,0
46563,0
46564,0
46565,1
46566,0
46567,0
46568,0
46569,1
46570,0
46571,0
46572,0
46573,0
46574,0
46575,0
46576,0
46577,0
46578,0
46579,0
46580,0
46581,0
46582,0
46583,0
46584,1
46585,1
46586,0
46587,0
46588,0
46589,1
46590,1
46591,0
46592,0
46593,0
46594,0
46595,0
46596,0
46597,1
46598,0
46599,0
46600,1
46601,0
46602,0
46603,0
46604,0
46605,1
46606,0
46607,0
46608,1
46609,0
46610,0
46611,0
46612,0
46613,0
46614,0
46615,0
46616,1
46617,0
46618,0
46619,1
46620,1
46621,1
46622,1
46623,1
46624,0
46625,0
46626,0
46627,1
46628,0
46629,0
46630,0
46631,0
46632,0
46633,0
46634,1
46635,0
46636,0
46637,0
46638,0
46639,0
46640,0
46641,1
46642,0
46643,0
46644,0
46645,0
46646,0
46647,0
46648,0
46649,1
46650,0
46651,0
46652,0
46653,0
46654,0
46655,0
46656,0
46657,0
46658,0
46659,0
46660,0
46661,0
46662,0
46663,0
46664,1
46665,0
46666,0
46667,1
46668,0
46669,0
46670,0
46671,0
46672,0
46673,0
46674,0
46675,0
46676,0
46677,0
46678,1
46679,0
46680,1
46681,1
46682,0
46683,0
46684,0
46685,0
46686,1
46687,1
46688,0
46689,0
46690,0
46691,0
46692,0
46693,0
46694,0
46695,0
46696,0
46697,0
46698,1
46699,0
46700,0
46701,1
46702,0
46703,0
46704,0
46705,0
46706,0
46707,0
46708,0
46709,0
46710,0
46711,0
46712,0
46713,0
46714,0
46715,0
46716,0
46717,0
46718,1
46719,0
46720,1
46721,0
46722,1
46723,0
46724,0
46725,0
46726,0
46727,0
46728,0
46729,0
46730,1
46731,0
46732,0
46733,1
46734,0
46735,1
46736,0
46737,0
46738,0
46739,0
46740,0
46741,0
46742,0
46743,0
46744,0
46745,0
46746,0
46747,0
46748,0
46749,0
46750,0
46751,0
46752,0
46753,0
46754,0
46755,0
46756,0
46757,0
46758,0
46759,1
46760,0
46761,1
46762,0
46763,0
46764,0
46765,0
46766,1
46767,0
46768,0
46769,1
46770,0
46771,0
46772,0
46773,0
46774,0
46775,0
46776,0
46777,0
46778,0
46779,0
46780,0
46781,1
46782,0
46783,0
46784,0
46785,0
46786,0
46787,0
46788,0
46789,1
46790,0
46791,0
46792,0
46793,1
46794,0
46795,1
46796,0
46797,0
46798,0
46799,0
46800,0
46801,0
46802,0
46803,1
46804,1
46805,0
46806,1
46807,0
46808,0
46809,0
46810,0
46811,0
46812,0
46813,0
46814,0
46815,0
46816,0
46817,0
46818,1
46819,1
46820,0
46821,0
46822,0
46823,0
46824,0
46825,0
46826,0
46827,0
46828,0
46829,0
46830,1
46831,1
46832,1
46833,0
46834,0
46835,0
46836,0
46837,0
46838,1
46839,0
46840,0
46841,0
46842,0
46843,0
46844,0
46845,1
46846,0
46847,0
46848,1
46849,0
46850,1
46851,0
46852,0
46853,0
46854,0
46855,1
46856,0
46857,0
46858,0
46859,0
46860,0
46861,0
46862,0
46863,0
46864,1
46865,0
46866,0
46867,0
46868,1
46869,0
46870,0
46871,0
46872,1
46873,0
46874,1
46875,0
46876,0
46877,0
46878,0
46879,0
46880,0
46881,1
46882,0
46883,1
46884,0
46885,0
46886,1
46887,0
46888,0
46889,0
46890,1
46891,0
46892,1
46893,0
46894,0
46895,0
46896,0
46897,0
46898,0
46899,0
46900,0
46901,0
46902,0
46903,0
46904,0
46905,0
46906,0
46907,0
46908,0
46909,0
46910,1
46911,0
46912,0
46913,0
46914,0
46915,0
46916,1
46917,0
46918,1
46919,0
46920,0
46921,0
46922,0
46923,0
46924,1
46925,1
46926,1
46927,0
46928,1
46929,0
46930,0
46931,1
46932,0
46933,0
46934,1
46935,0
46936,1
46937,0
46938,0
46939,0
46940,0
46941,0
46942,0
46943,0
46944,0
46945,0
46946,0
46947,0
46948,0
46949,0
46950,0
46951,0
46952,0
46953,0
46954,0
46955,1
46956,0
46957,0
46958,0
46959,1
46960,0
46961,1
46962,0
46963,0
46964,0
46965,0
46966,0
46967,0
46968,1
46969,0
46970,0
46971,0
46972,0
46973,0
46974,0
46975,0
46976,0
46977,0
46978,0
46979,0
46980,0
46981,0
46982,0
46983,0
46984,0
46985,0
46986,1
46987,1
46988,1
46989,0
46990,1
46991,0
46992,0
46993,1
46994,1
46995,0
46996,0
46997,0
46998,1
46999,0
47000,0
47001,0
47002,1
47003,0
47004,1
47005,0
47006,0
47007,0
47008,1
47009,0
47010,0
47011,0
47012,1
47013,1
47014,0
47015,0
47016,1
47017,0
47018,0
47019,1
47020,0
47021,0
47022,1
47023,0
47024,0
47025,0
47026,0
47027,0
47028,0
47029,0
47030,1
47031,0
47032,0
47033,0
47034,0
47035,0
47036,1
47037,0
47038,0
47039,0
47040,0
47041,0
47042,0
47043,0
47044,0
47045,0
47046,0
47047,0
47048,0
47049,0
47050,0
47051,0
47052,0
47053,0
47054,0
47055,0
47056,0
47057,0
47058,1
47059,0
47060,1
47061,0
47062,1
47063,0
47064,0
47065,0
47066,0
47067,0
47068,0
47069,0
47070,0
47071,0
47072,0
47073,0
47074,0
47075,0
47076,0
47077,1
47078,1
47079,0
47080,0
47081,0
47082,0
47083,1
47084,1
47085,0
47086,0
47087,0
47088,0
47089,0
47090,0
47091,0
47092,0
47093,0
47094,1
47095,0
47096,0
47097,1
47098,0
47099,0
47100,1
47101,0
47102,0
47103,0
47104,0
47105,0
47106,0
47107,0
47108,0
47109,0
47110,0
47111,0
47112,0
47113,0
47114,0
47115,0
47116,0
47117,0
47118,1
47119,0
47120,0
47121,1
47122,0
47123,0
47124,0
47125,0
47126,1
47127,0
47128,0
47129,1
47130,0
47131,0
47132,1
47133,0
47134,0
47135,0
47136,1
47137,0
47138,0
47139,0
47140,0
47141,0
47142,0
47143,0
47144,0
47145,0
47146,0
47147,0
47148,0
47149,1
47150,0
47151,0
47152,0
47153,0
47154,1
47155,0
47156,0
47157,0
47158,0
47159,0
47160,1
47161,0
47162,0
47163,0
47164,0
47165,0
47166,0
47167,0
47168,1
47169,0
47170,1
47171,0
47172,0
47173,0
47174,0
47175,1
47176,0
47177,1
47178,0
47179,0
47180,0
47181,0
47182,0
47183,0
47184,0
47185,0
47186,0
47187,0
47188,1
47189,1
47190,0
47191,1
47192,0
47193,0
47194,0
47195,0
47196,1
47197,0
47198,0
47199,0
47200,1
47201,0
47202,0
47203,0
47204,1
47205,0
47206,0
47207,0
47208,0
47209,0
47210,0
47211,0
47212,1
47213,0
47214,1
47215,0
47216,0
47217,0
47218,0
47219,0
47220,0
47221,0
47222,0
47223,0
47224,0
47225,0
47226,1
47227,0
47228,0
47229,0
47230,1
47231,0
47232,0
47233,0
47234,0
47235,1
47236,0
47237,0
47238,0
47239,0
47240,0
47241,0
47242,1
47243,0
47244,0
47245,0
47246,1
47247,0
47248,0
47249,1
47250,0
47251,0
47252,0
47253,0
47254,1
47255,0
47256,0
47257,0
47258,0
47259,1
47260,0
47261,1
47262,0
47263,0
47264,0
47265,0
47266,0
47267,1
47268,0
47269,0
47270,1
47271,0
47272,0
47273,0
47274,1
47275,0
47276,0
47277,0
47278,1
47279,0
47280,0
47281,1
47282,1
47283,0
47284,0
47285,0
47286,0
47287,0
47288,0
47289,0
47290,0
47291,0
47292,0
47293,0
47294,0
47295,0
47296,0
47297,0
47298,0
47299,0
47300,0
47301,1
47302,0
47303,1
47304,0
47305,0
47306,1
47307,0
47308,0
47309,0
47310,1
47311,0
47312,1
47313,1
47314,0
47315,0
47316,1
47317,0
47318,0
47319,0
47320,0
47321,1
47322,0
47323,0
47324,0
47325,0
47326,0
47327,0
47328,0
47329,0
47330,0
47331,0
47332,0
47333,0
47334,0
47335,0
47336,0
47337,1
47338,1
47339,0
47340,0
47341,0
47342,0
47343,0
47344,0
47345,1
47346,0
47347,1
47348,0
47349,0
47350,0
47351,0
47352,1
47353,0
47354,0
47355,0
47356,1
47357,1
47358,1
47359,0
47360,0
47361,1
47362,0
47363,0
47364,0
47365,0
47366,0
47367,1
47368,0
47369,1
47370,1
47371,0
47372,0
47373,0
47374,1
47375,1
47376,0
47377,0
47378,0
47379,0
47380,0
47381,1
47382,0
47383,0
47384,1
47385,1
47386,0
47387,0
47388,1
47389,1
47390,0
47391,0
47392,0
47393,0
47394,0
47395,0
47396,0
47397,0
47398,1
47399,0
47400,0
47401,0
47402,0
47403,1
47404,0
47405,0
47406,0
47407,0
47408,0
47409,0
47410,1
47411,0
47412,0
47413,0
47414,1
47415,0
47416,0
47417,0
47418,1
47419,0
47420,0
47421,0
47422,0
47423,1
47424,0
47425,0
47426,0
47427,0
47428,0
47429,0
47430,0
47431,0
47432,0
47433,0
47434,0
47435,0
47436,0
47437,0
47438,0
47439,1
47440,0
47441,0
47442,0
47443,0
47444,0
47445,0
47446,0
47447,0
47448,1
47449,0
47450,0
47451,0
47452,0
47453,0
47454,0
47455,0
47456,0
47457,0
47458,0
47459,1
47460,0
47461,0
47462,0
47463,0
47464,0
47465,0
47466,1
47467,0
47468,0
47469,0
47470,0
47471,0
47472,1
47473,0
47474,1
47475,0
47476,0
47477,0
47478,1
47479,0
47480,0
47481,1
47482,0
47483,0
47484,1
47485,0
47486,0
47487,0
47488,1
47489,0
47490,0
47491,0
47492,0
47493,1
47494,0
47495,0
47496,0
47497,0
47498,0
47499,1
47500,0
47501,0
47502,0
47503,0
47504,0
47505,0
47506,0
47507,0
47508,0
47509,0
47510,0
47511,0
47512,1
47513,0
47514,0
47515,0
47516,0
47517,0
47518,0
47519,0
47520,0
47521,1
47522,0
47523,0
47524,1
47525,0
47526,0
47527,1
47528,0
47529,1
47530,0
47531,0
47532,0
47533,0
47534,0
47535,0
47536,0
47537,1
47538,1
47539,1
47540,1
47541,1
47542,1
47543,1
47544,0
47545,0
47546,0
47547,0
47548,0
47549,1
47550,0
47551,0
47552,0
47553,0
47554,0
47555,0
47556,0
47557,0
47558,1
47559,0
47560,0
47561,1
47562,1
47563,0
47564,0
47565,1
47566,0
47567,0
47568,0
47569,0
47570,0
47571,0
47572,0
47573,1
47574,0
47575,0
47576,0
47577,0
47578,1
47579,1
47580,1
47581,1
47582,0
47583,1
47584,0
47585,1
47586,0
47587,0
47588,0
47589,0
47590,0
47591,0
47592,0
47593,0
47594,0
47595,1
47596,0
47597,0
47598,1
47599,0
47600,1
47601,1
47602,0
47603,0
47604,1
47605,0
47606,0
47607,0
47608,0
47609,1
47610,0
47611,0
47612,0
47613,0
47614,0
47615,0
47616,0
47617,0
47618,1
47619,0
47620,0
47621,0
47622,0
47623,0
47624,0
47625,1
47626,0
47627,0
47628,1
47629,0
47630,0
47631,0
47632,0
47633,1
47634,0
47635,0
47636,0
47637,1
47638,0
47639,1
47640,1
47641,1
47642,0
47643,1
47644,0
47645,0
47646,0
47647,0
47648,0
47649,0
47650,1
47651,0
47652,0
47653,1
47654,1
47655,0
47656,0
47657,0
47658,0
47659,0
47660,0
47661,1
47662,0
47663,0
47664,1
47665,0
47666,0
47667,1
47668,1
47669,0
47670,1
47671,0
47672,1
47673,0
47674,1
47675,0
47676,1
47677,1
47678,0
47679,0
47680,1
47681,0
47682,1
47683,0
47684,0
47685,0
47686,0
47687,0
47688,0
47689,0
47690,0
47691,0
47692,0
47693,0
47694,0
47695,0
47696,1
47697,0
47698,1
47699,1
47700,0
47701,0
47702,0
47703,0
47704,0
47705,0
47706,0
47707,1
47708,0
47709,0
47710,0
47711,0
47712,0
47713,1
47714,0
47715,0
47716,0
47717,0
47718,1
47719,0
47720,0
47721,1
47722,0
47723,0
47724,0
47725,0
47726,0
47727,0
47728,0
47729,0
47730,1
47731,0
47732,0
47733,1
47734,0
47735,0
47736,1
47737,0
47738,0
47739,1
47740,0
47741,0
47742,0
47743,0
47744,0
47745,0
47746,0
47747,0
47748,1
47749,0
47750,0
47751,0
47752,0
47753,0
47754,0
47755,0
47756,1
47757,0
47758,0
47759,1
47760,1
47761,0
47762,0
47763,0
47764,0
47765,0
47766,1
47767,0
47768,1
47769,0
47770,0
47771,0
47772,1
47773,1
47774,0
47775,1
47776,0
47777,0
47778,1
47779,0
47780,1
47781,0
47782,0
47783,0
47784,0
47785,1
47786,0
47787,0
47788,0
47789,0
47790,0
47791,0
47792,0
47793,0
47794,0
47795,0
47796,0
47797,0
47798,0
47799,0
47800,0
47801,0
47802,0
47803,0
47804,0
47805,1
47806,0
47807,0
47808,0
47809,0
47810,0
47811,1
47812,0
47813,0
47814,0
47815,0
47816,1
47817,0
47818,0
47819,0
47820,0
47821,0
47822,0
47823,0
47824,0
47825,0
47826,1
47827,0
47828,0
47829,0
47830,0
47831,0
47832,0
47833,0
47834,0
47835,0
47836,0
47837,0
47838,0
47839,0
47840,1
47841,0
47842,1
47843,0
47844,0
47845,1
47846,0
47847,0
47848,0
47849,1
47850,0
47851,1
47852,0
47853,0
47854,1
47855,1
47856,1
47857,0
47858,0
47859,1
47860,0
47861,0
47862,0
47863,0
47864,0
47865,0
47866,1
47867,0
47868,0
47869,1
47870,0
47871,0
47872,0
47873,0
47874,0
47875,0
47876,0
47877,1
47878,0
47879,1
47880,0
47881,0
47882,0
47883,0
47884,1
47885,1
47886,1
47887,0
47888,1
47889,0
47890,0
47891,0
47892,0
47893,0
47894,1
47895,0
47896,0
47897,1
47898,0
47899,0
47900,0
47901,0
47902,1
47903,0
47904,0
47905,0
47906,0
47907,1
47908,0
47909,0
47910,0
47911,1
47912,0
47913,0
47914,1
47915,0
47916,0
47917,0
47918,0
47919,0
47920,0
47921,0
47922,0
47923,1
47924,0
47925,0
47926,1
47927,0
47928,0
47929,0
47930,0
47931,0
47932,0
47933,0
47934,0
47935,1
47936,1
47937,0
47938,0
47939,1
47940,0
47941,0
47942,0
47943,0
47944,0
47945,0
47946,0
47947,0
47948,0
47949,0
47950,1
47951,0
47952,1
47953,0
47954,0
47955,0
47956,0
47957,1
47958,0
47959,0
47960,0
47961,0
47962,0
47963,0
47964,0
47965,1
47966,1
47967,0
47968,0
47969,0
47970,1
47971,0
47972,0
47973,0
47974,1
47975,0
47976,0
47977,0
47978,0
47979,0
47980,0
47981,0
47982,0
47983,0
47984,1
47985,0
47986,0
47987,0
47988,1
47989,0
47990,1
47991,1
47992,1
47993,0
47994,0
47995,0
47996,0
47997,0
47998,0
47999,0
48000,1
48001,1
48002,0
48003,1
48004,0
48005,0
48006,0
48007,0
48008,0
48009,1
48010,0
48011,0
48012,0
48013,0
48014,0
48015,0
48016,0
48017,1
48018,0
48019,1
48020,0
48021,0
48022,0
48023,0
48024,1
48025,0
48026,0
48027,0
48028,0
48029,0
48030,1
48031,0
48032,0
48033,0
48034,0
48035,1
48036,0
48037,0
48038,0
48039,0
48040,0
48041,0
48042,1
48043,0
48044,1
48045,0
48046,1
48047,0
48048,0
48049,0
48050,1
48051,1
48052,1
48053,0
48054,0
48055,0
48056,0
48057,0
48058,0
48059,0
48060,0
48061,1
48062,0
48063,0
48064,0
48065,0
48066,0
48067,0
48068,0
48069,1
48070,1
48071,0
48072,1
48073,0
48074,1
48075,0
48076,0
48077,0
48078,0
48079,0
48080,0
48081,0
48082,0
48083,0
48084,0
48085,0
48086,0
48087,1
48088,0
48089,0
48090,0
48091,0
48092,0
48093,0
48094,0
48095,1
48096,0
48097,0
48098,0
48099,0
48100,0
48101,0
48102,0
48103,0
48104,0
48105,0
48106,0
48107,0
48108,0
48109,0
48110,0
48111,0
48112,0
48113,0
48114,1
48115,0
48116,0
48117,0
48118,0
48119,0
48120,0
48121,0
48122,0
48123,0
48124,1
48125,0
48126,0
48127,0
48128,1
48129,0
48130,0
48131,0
48132,0
48133,0
48134,0
48135,1
48136,0
48137,0
48138,0
48139,1
48140,0
48141,0
48142,0
48143,0
48144,1
48145,0
48146,1
48147,1
48148,0
48149,0
48150,0
48151,0
48152,1
48153,0
48154,0
48155,0
48156,0
48157,0
48158,0
48159,0
48160,0
48161,0
48162,0
48163,0
48164,0
48165,0
48166,1
48167,0
48168,1
48169,1
48170,0
48171,0
48172,0
48173,0
48174,1
48175,0
48176,0
48177,0
48178,0
48179,0
48180,0
48181,0
48182,1
48183,1
48184,0
48185,0
48186,1
48187,0
48188,0
48189,0
48190,0
48191,0
48192,0
48193,1
48194,0
48195,0
48196,0
48197,0
48198,1
48199,0
48200,0
48201,1
48202,0
48203,0
48204,1
48205,0
48206,0
48207,0
48208,1
48209,0
48210,0
48211,0
48212,0
48213,0
48214,0
48215,0
48216,1
48217,1
48218,0
48219,0
48220,0
48221,0
48222,0
48223,1
48224,0
48225,0
48226,0
48227,0
48228,0
48229,0
48230,0
48231,0
48232,0
48233,0
48234,1
48235,0
48236,0
48237,0
48238,0
48239,1
48240,0
48241,0
48242,0
48243,0
48244,0
48245,0
48246,0
48247,0
48248,0
48249,0
48250,1
48251,0
48252,0
48253,0
48254,0
48255,0
48256,1
48257,0
48258,0
48259,0
48260,1
48261,0
48262,1
48263,0
48264,0
48265,0
48266,0
48267,0
48268,0
48269,0
48270,1
48271,1
48272,0
48273,0
48274,0
48275,0
48276,0
48277,0
48278,1
48279,0
48280,1
48281,1
48282,0
48283,0
48284,0
48285,0
48286,0
48287,0
48288,0
48289,0
48290,0
48291,0
48292,0
48293,0
48294,0
48295,1
48296,0
48297,1
48298,1
48299,0
48300,0
48301,0
48302,1
48303,0
48304,0
48305,0
48306,0
48307,0
48308,0
48309,0
48310,0
48311,1
48312,0
48313,1
48314,0
48315,1
48316,0
48317,0
48318,0
48319,0
48320,0
48321,0
48322,1
48323,0
48324,1
48325,0
48326,0
48327,1
48328,0
48329,0
48330,0
48331,0
48332,1
48333,0
48334,0
48335,0
48336,0
48337,0
48338,1
48339,0
48340,0
48341,0
48342,0
48343,0
48344,1
48345,1
48346,0
48347,0
48348,0
48349,0
48350,0
48351,0
48352,0
48353,0
48354,1
48355,1
48356,0
48357,1
48358,0
48359,0
48360,1
48361,0
48362,0
48363,0
48364,0
48365,0
48366,0
48367,0
48368,0
48369,0
48370,0
48371,0
48372,0
48373,0
48374,1
48375,0
48376,0
48377,0
48378,0
48379,0
48380,0
48381,0
48382,0
48383,0
48384,1
48385,0
48386,1
48387,1
48388,0
48389,0
48390,0
48391,0
48392,0
48393,0
48394,0
48395,1
48396,0
48397,0
48398,0
48399,0
48400,0
48401,0
48402,1
48403,0
48404,1
48405,0
48406,0
48407,1
48408,1
48409,0
48410,0
48411,1
48412,0
48413,0
48414,1
48415,0
48416,0
48417,1
48418,0
48419,0
48420,0
48421,0
48422,0
48423,0
48424,0
48425,0
48426,0
48427,0
48428,0
48429,0
48430,0
48431,0
48432,0
48433,0
48434,1
48435,0
48436,0
48437,0
48438,0
48439,1
48440,0
48441,1
48442,0
48443,0
48444,0
48445,0
48446,1
48447,1
48448,1
48449,0
48450,1
48451,0
48452,0
48453,0
48454,0
48455,0
48456,0
48457,0
48458,0
48459,0
48460,0
48461,0
48462,0
48463,0
48464,0
48465,1
48466,0
48467,0
48468,0
48469,1
48470,0
48471,0
48472,0
48473,1
48474,0
48475,0
48476,0
48477,1
48478,0
48479,0
48480,0
48481,0
48482,0
48483,1
48484,0
48485,0
48486,0
48487,0
48488,0
48489,0
48490,0
48491,0
48492,0
48493,0
48494,1
48495,0
48496,0
48497,1
48498,0
48499,0
48500,0
48501,0
48502,1
48503,0
48504,0
48505,0
48506,0
48507,0
48508,0
48509,0
48510,0
48511,0
48512,1
48513,0
48514,0
48515,1
48516,0
48517,0
48518,0
48519,1
48520,0
48521,0
48522,0
48523,0
48524,0
48525,0
48526,0
48527,1
48528,0
48529,0
48530,1
48531,0
48532,0
48533,0
48534,0
48535,0
48536,0
48537,0
48538,1
48539,1
48540,0
48541,0
48542,1
48543,0
48544,0
48545,0
48546,0
48547,1
48548,1
48549,0
48550,0
48551,1
48552,1
48553,0
48554,1
48555,0
48556,0
48557,1
48558,1
48559,1
48560,0
48561,0
48562,0
48563,0
48564,0
48565,1
48566,0
48567,0
48568,0
48569,0
48570,1
48571,0
48572,0
48573,1
48574,1
48575,0
48576,0
48577,0
48578,0
48579,0
48580,1
48581,1
48582,0
48583,0
48584,1
48585,0
48586,0
48587,1
48588,1
48589,0
48590,0
48591,1
48592,0
48593,0
48594,1
48595,0
48596,1
48597,0
48598,0
48599,0
48600,0
48601,0
48602,0
48603,0
48604,1
48605,1
48606,0
48607,0
48608,0
48609,0
48610,1
48611,0
48612,0
48613,0
48614,0
48615,0
48616,0
48617,0
48618,1
48619,1
48620,0
48621,0
48622,1
48623,0
48624,0
48625,0
48626,0
48627,1
48628,0
48629,0
48630,1
48631,0
48632,0
48633,1
48634,0
48635,0
48636,0
48637,0
48638,0
48639,0
48640,1
48641,1
48642,1
48643,0
48644,0
48645,1
48646,0
48647,0
48648,1
48649,0
48650,0
48651,0
48652,1
48653,1
48654,1
48655,0
48656,1
48657,0
48658,1
48659,0
48660,0
48661,0
48662,0
48663,1
48664,0
48665,0
48666,0
48667,1
48668,0
48669,0
48670,0
48671,0
48672,1
48673,0
48674,0
48675,1
48676,0
48677,0
48678,0
48679,0
48680,1
48681,0
48682,0
48683,0
48684,1
48685,1
48686,0
48687,1
48688,0
48689,1
48690,0
48691,0
48692,0
48693,0
48694,1
48695,1
48696,0
48697,1
48698,0
48699,0
48700,0
48701,0
48702,0
48703,0
48704,0
48705,0
48706,0
48707,1
48708,0
48709,0
48710,0
48711,1
48712,0
48713,0
48714,0
48715,0
48716,0
48717,0
48718,0
48719,0
48720,0
48721,0
48722,0
48723,0
48724,0
48725,1
48726,0
48727,0
48728,1
48729,0
48730,1
48731,0
48732,1
48733,0
48734,1
48735,0
48736,1
48737,1
48738,0
48739,0
48740,0
48741,0
48742,0
48743,1
48744,0
48745,0
48746,0
48747,1
48748,0
48749,0
48750,1
48751,0
48752,0
48753,0
48754,0
48755,0
48756,0
48757,1
48758,1
48759,0
48760,0
48761,1
48762,0
48763,0
48764,0
48765,0
48766,1
48767,0
48768,1
48769,0
48770,0
48771,0
48772,1
48773,0
48774,0
48775,0
48776,0
48777,0
48778,0
48779,0
48780,0
48781,0
48782,1
48783,0
48784,0
48785,0
48786,0
48787,0
48788,0
48789,0
48790,0
48791,0
48792,0
48793,0
48794,0
48795,0
48796,1
48797,0
48798,1
48799,0
48800,0
48801,0
48802,0
48803,0
48804,0
48805,0
48806,0
48807,0
48808,0
48809,0
48810,0
48811,0
48812,0
48813,0
48814,1
48815,0
48816,0
48817,1
48818,0
48819,0
48820,0
48821,1
48822,0
48823,1
48824,1
48825,0
48826,1
48827,0
48828,0
48829,0
48830,0
48831,0
48832,0
48833,1
48834,0
48835,0
48836,0
48837,1
48838,0
48839,0
48840,1
48841,0
48842,0
